DLR-TUBSAT              
1 25757U 99029B   25111.45308753  .00000281  00000+0  81005-4 0  9998
2 25757  98.6324  89.0395 0014015 188.0692 172.0279 14.52249405372139
DIRECTV 5 (TEMPO 1)     
1 27426U 02023A   25111.43897134 -.00000050  00000+0  00000+0 0  9991
2 27426   3.7963  80.5756 0003331 309.5849 227.5062  1.00270569 84073
DMSP 5D-3 F16 (USA 172) 
1 28054U 03048A   25111.49426353  .00000240  00000+0  14965-3 0  9993
2 28054  99.0162 126.8800 0006088 259.0144 217.9046 14.14339206109855
DIRECTV 8               
1 28659U 05019A   25110.79950807  .00000006  00000+0  00000+0 0  9993
2 28659   0.0145 263.2685 0003306 137.9727 336.6671  1.00271262 72835
DIRECTV 9S              
1 29494U 06043A   25111.17891947 -.00000109  00000+0  00000+0 0  9996
2 29494   1.3284  86.0230 0003086 306.9507 139.7454  1.00271801 67875
DMSP 5D-3 F17 (USA 191) 
1 29522U 06050A   25111.49164548  .00000295  00000+0  17557-3 0  9995
2 29522  98.7410 121.7180 0010155 173.2237 186.9075 14.14816265952783
DIRECTV 10              
1 31862U 07032A   25111.08339425 -.00000099  00000+0  00000+0 0  9993
2 31862   0.0025 286.4437 0000211  82.1519 128.0529  1.00271822 65172
DIRECTV 11              
1 32729U 08013A   25111.22627137 -.00000122  00000+0  00000+0 0  9999
2 32729   0.0082 101.7174 0000108 285.2369 164.8692  1.00271922 62705
DEIMOS-1                
1 35681U 09041A   25111.47378989  .00001250  00000+0  19508-3 0  9995
2 35681  97.6972 283.4082 0002700 102.9146 257.2365 14.74510908844728
DUBAISAT-1              
1 35682U 09041B   25111.33223337  .00002355  00000+0  36719-3 0  9997
2 35682  97.9466 246.1101 0010301 352.2053   7.8994 14.73809928842997
DMSP 5D-3 F18 (USA 210) 
1 35951U 09057A   25111.48828743  .00000534  00000+0  30081-3 0  9994
2 35951  98.8566  89.4551 0011490  15.9268 344.2264 14.14592662799948
DIRECTV 12              
1 36131U 09075A   25111.18447713 -.00000100  00000+0  00000+0 0  9990
2 36131   0.0017  42.4103 0000510 356.5896 134.1971  1.00272057 56153
DUBAISAT-2              
1 39419U 13066D   25111.46086419  .00007146  00000+0  49483-3 0  9998
2 39419  97.4342 109.7686 0013652  46.6473 313.5889 15.05877329622836
DELFI-N3XT              
1 39428U 13066N   25110.73166099  .00009589  00000+0  99215-3 0  9991
2 39428  97.8356  28.9719 0086520 163.2926 197.1173 14.87513405611669
DEIMOS-2                
1 40013U 14033D   25111.50006082  .00003847  00000+0  38653-3 0  9999
2 40013  97.6408 354.8223 0001056  70.3692 289.7641 14.91828655587680
DUCHIFAT-1              
1 40021U 14033M   25111.19635063  .00030698  00000+0  11892-2 0  9999
2 40021  98.0994 121.3261 0011621 122.2400 237.9964 15.26050644590788
DTUSAT-2                
1 40030U 14033W   25110.45545475  .00013257  00000+0  87863-3 0  9998
2 40030  98.0523  79.8931 0007762 220.5868 139.4780 15.07403249588846
DX1                     
1 40071U 14037C   25111.47223475  .00003712  00000+0  41165-3 0  9993
2 40071  98.3414  44.7231 0006917 192.4739 167.6306 14.87921424583436
DIRECTV 14              
1 40333U 14078B   25110.86997642 -.00000121  00000+0  00000+0 0  9996
2 40333   0.0218 301.6422 0000176 168.1622 313.3615  1.00271150 37812
DIRECTV 15              
1 40663U 15026A   25110.86919450 -.00000098  00000+0  00000+0 0  9990
2 40663   0.0402  68.3168 0000279 114.5595 236.3771  1.00273242 36220
DMC3-FM1                
1 40715U 15032A   25111.57053496  .00001396  00000+0  16983-3 0  9995
2 40715  97.7059 346.9250 0005926  16.4942 343.6465 14.84983323527328
DMC3-FM2                
1 40716U 15032B   25111.52439166  .00001393  00000+0  16934-3 0  9996
2 40716  97.7115 348.1626 0007833  18.4049 341.7448 14.85015298527319
DMC3-FM3                
1 40717U 15032C   25111.49834225  .00001446  00000+0  17348-3 0  9997
2 40717  97.7167 349.5705 0006975   1.4080 358.7154 14.85518660527316
DAMPE                   
1 41173U 15078A   25111.46877667  .00002539  00000+0  91966-4 0  9991
2 41173  97.4484 110.5536 0013860 126.7426 233.5089 15.29247222520060
DIWATA-2B               
1 43678U 18084H   25111.50005511  .00005427  00000+0  46380-3 0  9997
2 43678  98.1021 285.7658 0010294  91.9070 268.3330 14.98048932353031
D-STAR ONE (SPARROW)    
1 43881U 18111F   25110.70829079  .00030791  00000+0  11016-2 0  9997
2 43881  97.6112  26.7653 0009704  63.6173 296.6061 15.28693228346163
DSX                     
1 44344U 19036F   25109.42075800  .00000007  00000+0  00000+0 0  9996
2 44344  42.2036 145.6687 1957232 193.6244 160.2837  4.54375010 96532
DUCHIFAT-3              
1 44854U 19089C   25111.55715090  .00060562  00000+0  13786-2 0  9999
2 44854  36.9457 305.8983 0000867 269.4835  90.5820 15.41908219295364
DEKART                  
1 46493U 20068H   25110.91430619  .00014520  00000+0  56663-3 0  9994
2 46493  97.8557  89.3670 0010771 343.4751  16.6134 15.25982286251147
DRAGRACER 2 (AUGURY)    
1 46955U 20085AC  25111.53220488  .00026253  00000+0  50127-3 0  9991
2 46955  97.5761 275.6895 0007244  29.8583 330.3079 15.48084460246221
DEMO8 (TENZING)         
1 48951U 21059CA  25111.43065717  .00019687  00000+0  51268-3 0  9992
2 48951  97.6879 273.7506 0010512  80.3080 279.9352 15.38868564212133
DEMO9 (AURORA)          
1 48956U 21059CF  25111.46114261  .00069219  00000+0  78967-3 0  9990
2 48956  97.6714 282.4730 0004604  45.4337 314.7295 15.61991619212738
DRUMS                   
1 49401U 21102G   25110.82754008  .00006684  00000+0  35810-3 0  9990
2 49401  97.3837 154.6365 0015182 264.7850  95.1650 15.15229027189510
DAQI 1                  
1 52257U 22039A   25111.54517064  .00000831  00000+0  19217-3 0  9993
2 52257  98.2423  51.6121 0004450 111.4916 248.6757 14.57706814160518
DS-EO                   
1 52935U 22072A   25111.46472562  .00007131  00000+0  38238-3 0  9991
2 52935   9.9945  87.9290 0005561 297.2993  62.6656 15.09634974154598
DONGPO 07               
1 53444U 22098A   25111.50606669  .00033941  00000+0  10310-2 0  9995
2 53444  97.5259 219.0570 0008472 100.9762 259.2434 15.33961485149502
DONGPO 06               
1 53447U 22098D   25111.54412775  .00041614  00000+0  10700-2 0  9994
2 53447  97.5223 219.8929 0006661  67.3967 292.7982 15.39132754149586
DONGPO 05               
1 53449U 22098F   25111.51987214  .00035838  00000+0  10456-2 0  9997
2 53449  97.5228 218.8279 0004577  96.0590 264.1175 15.35249827149500
DONGPO 03               
1 53450U 22098G   25111.50178301  .00038930  00000+0  10615-2 0  9990
2 53450  97.5298 220.0841 0004705 118.3843 241.7876 15.37346537149531
DONGPO 04               
1 53451U 22098H   25111.56506301  .00040950  00000+0  10548-2 0  9992
2 53451  97.5366 221.6293 0005060 116.9442 243.2320 15.39091346149594
DONGPO 02               
1 53452U 22098J   25111.50959813  .00034191  00000+0  10204-2 0  9996
2 53452  97.5227 218.8835 0004908  72.0659 288.1119 15.34543867149503
DONGPO 01               
1 53453U 22098K   25111.49489038  .00033021  00000+0  99704-3 0  9996
2 53453  97.5300 219.4673 0002130 114.2312 245.9153 15.34190998149493
DONGPO 09               
1 54685U 22167D   25111.54868134  .00017534  00000+0  70871-3 0  9990
2 54685  97.6504 263.6470 0004302 156.1728 203.9709 15.24799127130964
DONGPO 08               
1 54686U 22167E   25111.52857389  .00015635  00000+0  66457-3 0  9994
2 54686  97.6446 262.4848 0010284 203.0403 157.0373 15.23087174130927
DONGPO 10               
1 54689U 22167H   25111.53253898  .00016125  00000+0  67311-3 0  9998
2 54689  97.6535 263.4939 0007286 152.7495 207.4125 15.23715881130939
DROID.001               
1 56965U 23084AK  25110.96464136  .00038061  00000+0  82315-3 0  9995
2 56965  97.5620 242.1013 0005778 351.0681   9.0463 15.44375512103289
DJIBOUTI-1A             
1 58266U 23174L   25111.47515271  .00107586  00000+0  15338-2 0  9994
2 58266  97.4196 195.1259 0008453 211.5494 148.5254 15.55899332 80998
DOORY-SAT               
1 58500U 23188A   25111.54299058  .00003475  00000+0  49231-3 0  9992
2 58500  46.9814 196.5544 0009072 199.2689 160.7862 14.78948869 74542
DUMMY SAT 3             
1 59479U 24069A   25110.55673784 -.00000015  00000+0  00000+0 0  9994
2 59479   1.0163  85.9989 0049652 121.6664 239.2985  0.98606681  3642
DEIMOS                  
1 60526U 24149BL  25110.66860524  .00017645  00000+0  62771-3 0  9993
2 60526  97.4106 189.9147 0006899  10.7409 349.3977 15.29014597 37599
DSN-3 (KIRAMEKI-3)      
1 61733U 24198A   25105.27749332 -.00000240  00000+0  00000+0 0  9999
2 61733   0.0389  82.7335 0001093 296.7571  68.1562  1.00271542  1629
DJIBOUTI-1B             
1 62402U 24247AB  25110.91219001  .00023808  00000+0  90552-3 0  9999
2 62402  44.9802  68.2550 0002895 179.8979 180.1904 15.26418744 18490
DROID.002               
1 63223U 25052P   25110.65452210  .00010158  00000+0  50356-3 0  9990
2 63223  97.4390   5.3503 0005231 152.1210 208.0305 15.17922308  5662
DRAGON CRS-32           
1 63628U 25080A   25111.48308992 -.00003509  11097-4  00000+0 0  9992
2 63628  51.6507 228.0712 0114977 224.7292 231.7873 15.93310652    28