EYESAT A (AO-27)        
1 22825U 93061C   25110.70644398  .00000227  00000+0  10393-3 0  9997
2 22825  98.7407 172.0032 0007296 256.9244 103.1124 14.30778104646583
EUTELSAT 7A             
1 28187U 04008A   25110.51072576  .00000111  00000+0  00000+0 0  9991
2 28187   4.7540  77.0360 0003960 314.5338 221.9366  1.00271301 77116
EUTELSAT 174A           
1 28924U 05052A   25111.53725484  .00000015  00000+0  00000+0 0  9999
2 28924   3.1479  81.7395 0006508 311.7283 183.7942  1.00271276 70757
ECHOSTAR 10             
1 28935U 06003A   25111.56790376 -.00000052  00000+0  00000+0 0  9995
2 28935   0.0570  69.2368 0001879 302.1482 292.7501  1.00271802 70295
EUTELSAT HOTBIRD 13E    
1 28946U 06007B   25111.46641920 -.00000122  00000+0  00000+0 0  9998
2 28946   1.0045  91.0023 0005551 319.1808 311.5342  1.00271619 70061
EROS B                  
1 29079U 06014A   25111.47067024  .00052882  00000+0  15210-2 0  9993
2 29079  97.3396 224.6011 0007088 220.1301 139.9420 15.35591284 54442
EWS-G1 (GOES 13)        
1 29155U 06018A   25110.91749999 -.00000250  00000+0  00000+0 0  9999
2 29155   3.4316  81.5553 0065213 264.6209 334.4714  0.98833199 39079
EUTELSAT HOTBIRD 13B    
1 29270U 06032A   25110.93933734  .00000160  00000+0  00000+0 0  9996
2 29270   0.5676  86.3464 0004163 306.9382 187.2290  1.00271265 43079
ECHOSTAR 11             
1 33207U 08035A   25110.86771753 -.00000052  00000+0  00000+0 0  9990
2 33207   0.0344  59.1283 0002707 328.1116  24.3359  1.00271596 46977
EUTELSAT HOTBIRD 13C    
1 33459U 08065A   25111.31551534 -.00000095  00000+0  00000+0 0  9993
2 33459   1.8620  84.1141 0004463 292.5686 294.0448  1.00271660 60018
EXPRESS-AM44            
1 33595U 09007A   25111.17296197 -.00000083  00000+0  00000+0 0  9993
2 33595   2.3749  83.5755 0004129 306.3442 230.8645  1.00271501 59305
EUTELSAT 36B            
1 36101U 09065A   25111.52891870  .00000115  00000+0  00000+0 0  9996
2 36101   0.0884  47.6881 0006438 349.7840  53.2812  1.00273068 56585
EWS-G2 (GOES 15)        
1 36411U 10008A   25111.47302846  .00000041  00000+0  00000+0 0  9991
2 36411   0.1807  86.1159 0001745 191.8179 163.5562  1.00274626 55406
ECHOSTAR 14             
1 36499U 10010A   25110.79805785  .00000005  00000+0  00000+0 0  9994
2 36499   0.0172 241.9929 0001842 147.8005 347.7383  1.00272132 42312
ECHOSTAR 15             
1 36792U 10034A   25108.15461534 -.00000272  00000+0  00000+0 0  9990
2 36792   0.0193 272.2977 0003168  78.4168 209.8250  1.00270692 54068
EUTELSAT KA-SAT 9A      
1 37258U 10069A   25110.89143587  .00000066  00000+0  00000+0 0  9995
2 37258   0.0748 292.1532 0003922 160.2913  86.6994  1.00272203 39773
EUTELSAT 7 WEST A       
1 37816U 11051A   25111.46086427 -.00000057  00000+0  00000+0 0  9991
2 37816   0.0701  22.9044 0001849  50.4531 295.0023  1.00272821 49744
EUTELSAT 16A            
1 37836U 11057A   25110.89282595  .00000108  00000+0  00000+0 0  9995
2 37836   0.0704   3.7659 0005380  29.2867 153.5637  1.00270786  3093
ECHOSTAR 17             
1 38551U 12035A   25111.17607689 -.00000072  00000+0  00000+0 0  9995
2 38551   0.0179 226.5036 0001867 159.9889 139.3020  1.00271291 46894
EXACTVIEW-1 (ADS-1B)    
1 38709U 12039C   25111.28746727  .00000300  00000+0  14867-3 0  9996
2 38709  98.9475 214.9689 0010005 310.9629  49.0683 14.24793522662627
EXPRESS-MD2             
1 38745U 12044B   25111.54952562  .00069262  53545-5  13448-2 0  9990
2 38745  49.8464 310.9742 1731133 142.2975 231.2868 12.06943394509116
EUTELSAT 21B            
1 38992U 12062B   25110.89386852  .00000134  00000+0  00000+0 0  9996
2 38992   0.0713   3.5157 0002791  24.5308 164.5529  1.00270475 45597
ECHOSTAR 16             
1 39008U 12065A   25111.49419771 -.00000279  00000+0  00000+0 0  9993
2 39008   0.0169 208.5295 0001614 187.7224 289.9763  1.00271617 45583
EUTELSAT 70B            
1 39020U 12069A   25110.90359912 -.00000039  00000+0  00000+0 0  9990
2 39020   0.0677   7.1047 0004741  15.6670 222.2405  1.00271676 45372
EUTELSAT 117 WEST A     
1 39122U 13012A   25111.48393084 -.00000009  00000+0  00000+0 0  9991
2 39122   0.0129  85.9852 0002778 304.0339 237.1916  1.00270369 44234
ESTCUBE 1               
1 39161U 13021C   25111.11328892  .00003054  00000+0  41510-3 0  9996
2 39161  97.7841 174.1816 0007314 317.4063  42.6581 14.79492394642612
EUTELSAT 7B             
1 39163U 13022A   25110.89003127  .00000052  00000+0  00000+0 0  9994
2 39163   0.0755  25.9792 0006098 353.7819 156.8708  1.00273407 43729
ES'HAIL 1               
1 39233U 13044A   25111.18025993  .00000147  00000+0  00000+0 0  9999
2 39233   0.0554 350.0940 0002574  57.2702 252.5543  1.00276144 42667
EXPRESS-AM5             
1 39487U 13077A   25111.58062772 -.00000277  00000+0  00000+0 0  9991
2 39487   0.0142 251.2820 0000153 241.4259  66.2468  1.00272489 42108
EXPRESS-AT1             
1 39612U 14010A   25111.52891870  .00000082  00000+0  00000+0 0  9995
2 39612   0.0203 237.2889 0000394  41.1646 177.8122  1.00272712 40829
EXPRESS-AT2             
1 39613U 14010B   25111.58285457 -.00000278  00000+0  00000+0 0  9998
2 39613   0.0232 260.5595 0000444   2.0106 296.9950  1.00274034 40650
EUTELSAT 3B             
1 39773U 14030A   25110.89003127  .00000024  00000+0  00000+0 0  9990
2 39773   0.0677   4.1945 0002905  32.0983 136.4181  1.00271479 39833
EXPRESS-AM6             
1 40277U 14064A   25111.52891870  .00000101  00000+0  00000+0 0  9995
2 40277   0.0123 249.9518 0000700  84.2015 119.0997  1.00275252 38442
EUTELSAT 115 WEST B     
1 40425U 15010B   25110.58124351 -.00000020  00000+0  00000+0 0  9991
2 40425   0.0119  91.9885 0000327 193.8779  17.3901  1.00269803 37150
EXPRESS-AM7             
1 40505U 15012A   25110.93933734  .00000155  00000+0  00000+0 0  9992
2 40505   0.0147 229.9300 0003060 160.5875 196.9029  1.00269588 37122
EUTELSAT 8 WEST B       
1 40875U 15039B   25110.88804753 -.00000061  00000+0  00000+0 0  9990
2 40875   0.0699   3.8645 0003709  25.4674 131.5692  1.00271477 35412
EXPRESS-AM8             
1 40895U 15048A   25111.17244068 -.00000107  00000+0  00000+0 0  9993
2 40895   0.0170 246.3610 0000315 156.1170 215.0983  1.00272809 35148
ELEKTRO-L 2             
1 41105U 15074A   25110.74395716 -.00000108  00000+0  00000+0 0  9997
2 41105   5.6259  75.7104 0001959 240.2436 146.4704  1.00272441 34272
EXPRESS-AMU1            
1 41191U 15082A   25111.53447661  .00000159  00000+0  00000+0 0  9991
2 41191   0.0385  57.2901 0002981 326.2363  54.8436  1.00273508 34286
EUTELSAT 9B             
1 41310U 16005A   25110.89003127  .00000066  00000+0  00000+0 0  9990
2 41310   0.0624  67.7331 0003495 291.7911 179.1010  1.00271089 33880
EUTELSAT 65 WEST A      
1 41382U 16014A   25111.49933343 -.00000273  00000+0  00000+0 0  9999
2 41382   0.0579 336.9500 0002213  61.9859 285.4424  1.00269472 33425
EUTELSAT 117 WEST B     
1 41589U 16038B   25111.23586455 -.00000008  00000+0  00000+0 0  9990
2 41589   0.0109  93.6661 0000438 202.6400 241.1557  1.00270540 32479
ECHOSTAR 18             
1 41592U 16039B   25110.87744814 -.00000277  00000+0  00000+0 0  9997
2 41592   0.0142 213.3229 0001649 182.1303  68.2740  1.00268252 32390
ECHOSTAR 19             
1 41893U 16079A   25111.51086590 -.00000135  00000+0  00000+0 0  9990
2 41893   0.0158 201.9423 0001282 202.1736 252.5261  1.00271145 30508
ECHOSTAR 23             
1 42070U 17014A   25111.56790421 -.00000054  00000+0  00000+0 0  9998
2 42070   0.0179 232.9912 0001751 155.9945 275.4500  1.00270412 29711
EUTELSAT 172B           
1 42741U 17029B   25110.85233971 -.00000001  00000+0  00000+0 0  9994
2 42741   0.0105 206.7180 0000345 281.7570 199.5591  1.00272033 29471
ECHOSTAR 21             
1 42749U 17032A   25111.36622649  .00000067  00000+0  00000+0 0  9998
2 42749   2.0641 331.0328 0002462  64.7861 315.9854  1.00273837 28890
ES'HAIL 2               
1 43700U 18090A   25111.54002878  .00000147  00000+0  00000+0 0  9996
2 43700   0.0167 220.9298 0001870 209.3157 359.8240  1.00268878 23696
EAGLET-I                
1 43790U 18099AJ  25110.94422095  .00006119  00000+0  39524-3 0  9996
2 43790  97.4818 166.5137 0012078   8.6175 351.5259 15.08539410348580
ESEO                    
1 43792U 18099AL  25110.58707998  .00002721  00000+0  20964-3 0  9999
2 43792  97.4544 160.0903 0010971 348.0143  12.0819 15.02389307348318
EUCROPIS                
1 43807U 18099BB  25110.87459226  .00009571  00000+0  54330-3 0  9990
2 43807  97.4771 168.8042 0004781 339.2524  20.8512 15.13137898348443
EXCITE                  
1 43819U 18099BP  25110.62169314  .00004700  00000+0  34375-3 0  9998
2 43819  97.4520 160.2977 0019159 358.4350   1.6813 15.03925422348185
EGYPTSAT-A (MISRSAT-A)  
1 44047U 19008A   25111.51187097  .00001462  00000+0  23944-3 0  9992
2 44047  98.0185 177.3220 0001106  76.3201 283.8129 14.72252082331194
EMISAT                  
1 44078U 19018A   25111.47676118  .00000514  00000+0  16327-3 0  9993
2 44078  98.2913 169.7342 0019183  53.8113 306.4848 14.43785729319200
EUTELSAT 7C             
1 44334U 19034B   25111.37316806  .00000052  00000+0  00000+0 0  9994
2 44334   0.0684 191.3659 0003287 190.5823 329.0993  1.00272621 21908
EDRS-C                  
1 44475U 19049A   25111.33105308  .00000158  00000+0  00000+0 0  9992
2 44475   0.0730 251.0013 0000770 127.9066 341.1002  1.00269916 20965
EUTELSAT 5 WEST B       
1 44624U 19067A   25111.46086427 -.00000039  00000+0  00000+0 0  9991
2 44624   0.0813  38.6247 0003101 356.4525 335.6106  1.00271436 20201
ETRSS-1                 
1 44880U 19093B   25111.52153835  .00006224  00000+0  61276-3 0  9996
2 44880  97.8074 193.9053 0012363  24.6260 335.5547 14.92375022289091
ELEKTRO-L 3             
1 44903U 19095A   25111.11890444 -.00000093  00000+0  00000+0 0  9996
2 44903   0.0487 352.7946 0000931  46.7319 288.7685  1.00271458 19451
EUTELSAT KONNECT        
1 45027U 20005B   25110.74821429  .00000054  00000+0  00000+0 0  9998
2 45027   0.0623  83.8662 0000672 226.8344 174.9618  1.00269464 20097
EXPRESS 103             
1 45985U 20053A   25111.05159604 -.00000276  00000+0  00000+0 0  9995
2 45985   0.0126 254.0822 0000130  88.9191 341.4595  1.00270524 17409
EXPRESS 80              
1 45986U 20053B   25110.19858318 -.00000130  00000+0  00000+0 0  9997
2 45986   0.0229 243.9082 0000485  24.7385  91.3477  1.00269538 17396
ELSA-D                  
1 47944U 21022N   25111.22956713  .00165996  00000+0  17021-2 0  9998
2 47944  97.4290  22.2464 0010256 104.1078 256.1322 15.64358338226092
EUTELSAT QUANTUM        
1 49056U 21069B   25110.91155980  .00000129  00000+0  00000+0 0  9999
2 49056   0.0067  68.2830 0001500 309.5464 207.2911  1.00274813 13690
EXPRESS AMU-7           
1 50001U 21123A   25111.19955657 -.00000239  00000+0  00000+0 0  9995
2 50001   0.0124 255.5484 0000222  24.4962 146.3235  1.00271130 12306
EXPRESS AMU-3           
1 50002U 21123B   25110.13479192 -.00000316  00000+0  00000+0 0  9990
2 50002   0.0269 262.8943 0000586  37.3077  59.7979  1.00271162  2790
ETV-A1                  
1 51060U 22002CE  25111.49580532  .00013920  00000+0  47122-3 0  9997
2 51060  97.3423 175.7108 0007757  66.9249 293.2809 15.30676986181131
ELSA-D CLIENT           
1 51288U 21022AQ  25111.18291957  .00039162  00000+0  87809-3 0  9998
2 51288  97.4320  16.1489 0011532 113.5811 246.6649 15.43242670179224
EOS-4                   
1 51656U 22013A   25111.47360019  .00004015  00000+0  23291-3 0  9990
2 51656  97.5141 119.5309 0002183 105.9886 254.1585 15.12721736175739
ENMAP                   
1 52159U 22033C   25111.20568958  .00001061  00000+0  16522-3 0  9991
2 52159  97.9787 194.5100 0001589 111.4247 248.7131 14.75009815164449
EUTELSAT KONNECT VHTS   
1 53765U 22110A   25110.89003127  .00000021  00000+0  00000+0 0  9992
2 53765   0.0560  87.4466 0002704 309.1359 135.7387  1.00269439  2591
EUTELSAT HOTBIRD 13F    
1 54048U 22134A   25111.17782728  .00000091  00000+0  00000+0 0  9993
2 54048   0.0641 287.3177 0001929  78.8993 280.3126  1.00271524  9209
EUTELSAT HOTBIRD 13G    
1 54225U 22146A   25111.17782728  .00000091  00000+0  00000+0 0  9993
2 54225   0.0496 246.2447 0002176 290.3011 109.9637  1.00270984  8981
EUTELSAT 10B            
1 54259U 22157A   25111.36969568  .00000072  00000+0  00000+0 0  9991
2 54259   0.0553  86.0798 0000898 344.9707 281.7179  1.00270258  8825
EOS-6 (OCEANSAT-3)      
1 54361U 22158A   25111.56084383  .00000788  00000+0  22864-3 0  9991
2 54361  98.3488 210.4268 0001850 129.5569 230.5787 14.46984788126869
EROS C3                 
1 54880U 22179A   25111.54950960  .00010578  00000+0  58236-3 0  9991
2 54880 139.3390 116.9554 0005110  82.2509 277.8879 15.12328036128919
EOSSAT-1                
1 55053U 23001AW  25110.69944169  .00010594  00000+0  40620-3 0  9994
2 55053  97.3803 170.4815 0011187 170.4813 189.6640 15.26625402127319
ELEKTRO-L 4             
1 55506U 23016A   25109.96087584 -.00000053  00000+0  00000+0 0  9994
2 55506   0.0988  69.9441 0000280  27.9735 262.0913  1.00270740  8084
ELECTRON KICK STAGE R/B 
1 55908U 23035A   25110.72583073  .00010206  00000+0  74564-3 0  9991
2 55908  44.1761 238.6415 0008104 272.7417  87.2517 15.03794981114625
EIRSAT-1                
1 58472U 23185L   25111.52852770  .00107906  00000+0  14446-2 0  9994
2 58472  97.3737 186.4776 0006962 239.7594 120.2972 15.57612089 77501
EINSTEIN PROBE          
1 58753U 24007A   25111.30995351  .00005243  00000+0  41107-3 0  9995
2 58753  28.9979  71.1863 0010109 113.5462 246.6198 14.98938287 70140
EXO-0                   
1 59175U 23174DK  25111.20728681  .00011675  00000+0  45749-3 0  9999
2 59175  97.4185 187.8460 0010073 219.9732 140.0766 15.25890839 80519
EUTELSAT 36D            
1 59346U 24059A   25110.61113036  .00000160  00000+0  00000+0 0  9992
2 59346   0.0169 251.2959 0000318 119.1329  94.3763  1.00271293  3916
EARTHCARE               
1 59908U 24101A   25110.94603173  .00019867  00000+0  27551-3 0  9994
2 59908  97.0054 238.5941 0001039 113.2962 246.8403 15.57086505 50865
ELECTRON KICK STAGE R/B 
1 60085U 24114G   25110.51477293  .00012058  00000+0  76566-3 0  9996
2 60085  97.9910 142.3807 0076803  95.0282 265.9717 15.06563161 45595
EOS-08                  
1 60454U 24147A   25111.54502522  .00058475  00000+0  12854-2 0  9992
2 60454  37.3799 190.7618 0003851  12.4651 347.6207 15.42968879 38231
EAGLEEYE                
1 60508U 24149AS  25110.68946174  .00028186  00000+0  89656-3 0  9994
2 60508  97.4077 190.2401 0003230   2.0774 358.0480 15.32560559 37627
ERNST                   
1 60528U 24149BN  25111.14784191  .00010772  00000+0  41083-3 0  9991
2 60528  97.4131 189.9444 0007343  14.1338 346.0105 15.26833513 37639
EDISON-1                
1 62610U 25009B   25110.69711489  .00016968  00000+0  79471-3 0  9995
2 62610  97.4321 191.7486 0006077   7.2956 352.8366 15.19769972 14541
ELEVATION-1             
1 62677U 25009BW  25110.68675175  .00021325  00000+0  94494-3 0  9993
2 62677  97.4235 191.8244 0004912  32.4196 327.7341 15.21632336 72198
