HST                     
1 20580U 90037B   25110.12898456  .00010160  00000+0  39258-3 0  9993
2 20580  28.4676  78.2549 0002049 167.9889 192.0754 15.24538580723818
HELLAS-SAT 2            
1 27811U 03020A   25110.60209480 -.00000075  00000+0  00000+0 0  9993
2 27811   6.2982  72.9023 0004675 290.8714  51.9257  1.00272203 38607
HELIOS 2A               
1 28492U 04049A   25111.22638732  .00002939  00000+0  23701-3 0  9993
2 28492  98.3058 131.6316 0005833 261.6555  98.4005 15.00756853 90454
HINODE (SOLAR-B)        
1 29479U 06041A   25111.06408876  .00001362  00000+0  24677-3 0  9991
2 29479  98.0752 128.1746 0017632 181.7880 178.3265 14.67797749992930
HAIYANG-1B              
1 31113U 07010A   25111.50458130  .00000262  00000+0  11570-3 0  9999
2 31113  98.3134 105.7550 0013925  17.1933 342.9719 14.30874031941062
HORIZONS-2              
1 32388U 07063B   25111.16060701 -.00000249  00000+0  00000+0 0  9995
2 32388   1.5100  85.8616 0002019 303.3843 164.2736  1.00273536 63648
HUANJING 1A (HJ-1A)     
1 33320U 08041A   25111.54212667  .00003336  00000+0  42013-3 0  9994
2 33320  97.6408 110.0135 0021267  83.2899 277.0735 14.82496389896003
HUANJING 1B (HJ-1B)     
1 33321U 08041B   25111.49017953  .00002344  00000+0  29740-3 0  9990
2 33321  97.6301 114.1899 0038575 125.4618 235.0206 14.82097028896011
HYLAS 1                 
1 37237U 10065A   25111.16818355 -.00000261  00000+0  00000+0 0  9999
2 37237   4.5686  78.1774 0001248  19.2996 137.2639  0.99653790 52778
HISPASAT 30W-5          
1 37264U 10070A   25110.88370352 -.00000211  00000+0  00000+0 0  9998
2 37264   0.0553  94.1106 0004293 326.4786  76.7876  1.00271737 48957
HAIYANG-2A              
1 37781U 11043A   25111.52435027  .00000030  00000+0  72867-4 0  9999
2 37781  99.3340 116.0801 0001061  42.9913 317.1321 13.78811579688829
HYLAS 2                 
1 38741U 12043B   25111.49975009 -.00000253  00000+0  00000+0 0  9995
2 38741   1.3352  86.2737 0001331 326.6964 264.2831  1.00270873 46628
HISAKI (SPRINT-A)       
1 39253U 13049A   25111.48054836  .00000176  00000+0  14723-3 0  9990
2 39253  29.7191 203.8915 0136580 198.1938 161.3712 13.55483948575203
HODOYOSHI-4             
1 40011U 14033B   25111.48901876  .00002729  00000+0  31247-3 0  9999
2 40011  97.5572 311.9665 0022772 261.7011  98.1623 14.86559346586135
HODOYOSHI-3             
1 40015U 14033F   25111.20795274  .00002795  00000+0  34043-3 0  9996
2 40015  97.6077 287.7047 0032505 305.0451  54.7715 14.83801114585037
HIMAWARI-8              
1 40267U 14060A   25111.51503001 -.00000272  00000+0  00000+0 0  9995
2 40267   0.0363  72.8006 0000502 348.0442 115.0696  1.00273344 38630
HORYU-4                 
1 41340U 16012D   25110.36797543  .00036367  00000+0  10555-2 0  9997
2 41340  30.9963 109.0177 0008591 252.7693 107.2011 15.34257979505066
HIMAWARI-9              
1 41836U 16064A   25111.51503001 -.00000272  00000+0  00000+0 0  9994
2 41836   0.0416  88.9499 0001390 337.6308 109.4299  1.00269912 31070
HISPASAT 36W-1          
1 41942U 17006A   25111.31091067 -.00000241  00000+0  00000+0 0  9997
2 41942   0.0031 250.7517 0001100 140.9050 253.9100  1.00272699 30294
HXMT (HUIYAN)           
1 42758U 17034A   25111.15550460  .00010063  00000+0  56069-3 0  9995
2 42758  43.0156   3.5626 0035826 358.3319   1.7403 15.13179029433637
HELLAS-SAT 3            
1 42814U 17040A   25110.93933734  .00000156  00000+0  00000+0 0  9991
2 42814   0.0446  54.7914 0005285 331.5415 200.0659  1.00270840 28629
HEAD-1                  
1 43011U 17072B   25111.54327770  .00000652  00000+0  27940-3 0  9998
2 43011  98.9639 113.6212 0008994 301.2626  58.7673 14.28402389387152
HISPASAT 30W-6          
1 43228U 18023A   25111.16922611 -.00000212  00000+0  00000+0 0  9995
2 43228   0.0459  47.1053 0006010 354.0660 199.2424  1.00270614 26268
HYLAS 4                 
1 43272U 18033B   25110.85114075 -.00000229  00000+0  00000+0 0  9995
2 43272   0.0680 268.7909 0001368 135.2479  78.0062  1.00271172 25847
HAIYANG-1C              
1 43609U 18068A   25111.49815410  .00000335  00000+0  13523-3 0  9994
2 43609  98.5642 183.7670 0009079 263.8565  96.1585 14.34143643346640
HORIZONS-3E             
1 43633U 18074B   25111.17058606 -.00000027  00000+0  00000+0 0  9990
2 43633   0.0164 203.2155 0000931 110.7815 125.9248  1.00269259 24096
HAIYANG-2B              
1 43655U 18081A   25111.49521193  .00000033  00000+0  74672-4 0  9990
2 43655  99.3353 121.5124 0000899  15.5963 344.5217 13.79304634326791
HYSIS                   
1 43719U 18096A   25111.48599799  .00002528  10125-8  34622-3 0  9992
2 43719  98.0340 175.1871 0001646  82.0535 278.0863 14.78566403345101
HAWK-A                  
1 43765U 18099H   25110.57992681  .00007228  00000+0  43539-3 0  9993
2 43765  97.4498 164.7202 0014061 324.4271  35.6021 15.11006262348911
HIBER-2                 
1 43774U 18099S   25110.62690927  .00044552  00000+0  13318-2 0  9999
2 43774  97.4923 178.8052 0004282 306.2224  53.8622 15.34433708349513
HAWK-B                  
1 43794U 18099AN  25110.66727111  .00007079  00000+0  43179-3 0  9993
2 43794  97.4518 164.7586 0013681 326.4659  33.5703 15.10561120348912
HAWK-C                  
1 43799U 18099AT  25110.58416865  .00007050  00000+0  42364-3 0  9994
2 43799  97.4488 164.6105 0014740 325.7728  34.2551 15.11094084349657
HONGYUN 1               
1 43871U 18108A   25111.49697405  .00000019  00000+0  98791-4 0  9992
2 43871  99.8027 135.3432 0012133 347.2522  12.8304 13.50571147312150
HONGYAN 1 (CHONGQING)   
1 43914U 18112F   25109.26311194 -.00000082  00000+0  80824-4 0  9994
2 43914  50.0097 356.2311 0006759  47.1260 313.0185 13.43794918309532
HELLAS-SAT 4 & SGS-1    
1 44034U 19007A   25110.93933734  .00000157  00000+0  00000+0 0  9993
2 44034   0.0734 123.4916 0004384   6.5541  96.4102  1.00267970 23129
HAIYANG-1D              
1 45721U 20036A   25111.51480860  .00000419  00000+0  16571-3 0  9998
2 45721  98.6262  56.5621 0000319 320.4964  39.6197 14.34081691254531
HAIYANG-2C              
1 46469U 20066A   25111.54268659  .00000030  00000+0  10121-3 0  9998
2 46469  65.9961 185.0875 0009361 301.5293  58.4861 13.83374904231463
HJ-2A                   
1 46478U 20067A   25111.51744677  .00001735  00000+0  25630-3 0  9999
2 46478  97.9135 193.9682 0003947 148.0079 212.1372 14.76484135246031
HJ-2B                   
1 46479U 20067B   25111.48550724  .00001624  00000+0  24046-3 0  9991
2 46479  97.9184 194.6692 0000638  18.8719 341.2515 14.76481308246036
HAWK-2C                 
1 47502U 21006CT  25110.12118718  .00005564  00000+0  20857-3 0  9999
2 47502  97.2854 158.4131 0006121 269.3811  90.6728 15.27633656234766
HAWK-2A                 
1 47505U 21006CW  25110.71095842  .00008493  00000+0  31657-3 0  9993
2 47505  97.2889 159.4216 0005673 269.1305  90.9284 15.27667141234855
HAWK-2B                 
1 47508U 21006CZ  25111.56263318  .00010889  00000+0  40498-3 0  9990
2 47508  97.2766 159.3015 0006327 264.4576  95.5942 15.27664895234982
HAIYANG-2D              
1 48621U 21043A   25111.52471025  .00000014  00000+0  86145-4 0  9999
2 48621  65.9967 274.4929 0008027 261.1142  98.9017 13.83373110198266
HAWK-3B                 
1 48931U 21059BE  25110.90446188  .00021606  00000+0  48174-3 0  9992
2 48931  97.6607 272.7080 0009144  74.9628 285.2631 15.43561573212251
HAWK-3C                 
1 48948U 21059BX  25111.42287031  .00025567  00000+0  56879-3 0  9999
2 48948  97.6842 277.8800 0009801  75.3286 284.9047 15.43587383212334
HAWK-3A                 
1 48957U 21059CG  25111.42268263  .00025702  00000+0  57167-3 0  9997
2 48957  97.6726 275.5798 0009751  69.0540 291.1750 15.43592233212334
HIBARI                  
1 49400U 21102F   25110.55892305  .00013338  00000+0  58772-3 0  9998
2 49400  97.3822 157.8256 0012918 251.0721 108.9115 15.21861627189713
HYPSO-1                 
1 51053U 22002BX  25111.46460861  .00025654  00000+0  63223-3 0  9995
2 51053  97.3357 179.8128 0004219  53.9732 306.1905 15.40541831181489
HAWK-4B                 
1 52165U 22033J   25110.68566593  .00092118  00000+0  73143-3 0  9997
2 52165  97.2926 204.7131 0004634 226.8820 133.2056 15.70967011170992
HAWK-4A                 
1 52167U 22033L   25111.19494876  .00089807  00000+0  70951-3 0  9995
2 52167  97.2866 204.4766 0004402 220.5605 139.5331 15.71096250171077
HAWK-4C                 
1 52170U 22033P   25111.19479082  .00087154  00000+0  68955-3 0  9995
2 52170  97.2927 205.2116 0005700 219.5427 140.5421 15.71061767171076
HAWK-5C                 
1 52754U 22057Y   25111.40782064  .00019152  00000+0  55497-3 0  9990
2 52754  97.6086 245.9736 0007760 143.2182 216.9595 15.35578193161314
HAWK-5B                 
1 52756U 22057AA  25111.34250339  .00018515  00000+0  53665-3 0  9997
2 52756  97.6070 244.3178 0008000 139.0701 221.1144 15.35575420161307
HAWK-5A                 
1 52757U 22057AB  25110.82094102  .00017695  00000+0  51335-3 0  9994
2 52757  97.6081 244.5703 0008436 142.9339 217.2488 15.35553015161223
HJ-2E                   
1 54035U 22132A   25111.52706899  .00015916  00000+0  72096-3 0  9991
2 54035  97.3828 118.8468 0008801  56.0381 304.1690 15.20915363140296
HUYGENS                 
1 55093U 23001CN  25111.45983413  .00012974  00000+0  43011-3 0  9999
2 55093  97.3785 174.4376 0012841 148.7296 211.4711 15.31321846127650
HAWK-6B                 
1 55324U 23011A   25110.78304725  .00007780  00000+0  38833-3 0  9990
2 55324  40.5155 285.2568 0002102 318.9340  41.1309 15.17574972123541
HAWK-6C                 
1 55326U 23011C   25110.78253064  .00007407  00000+0  37013-3 0  9996
2 55326  40.4838 282.9991 0001256 298.6551  61.4129 15.17572542123558
HAWK-6A                 
1 55327U 23011D   25110.78249121  .00007401  00000+0  36985-3 0  9997
2 55327  40.5000 284.1628 0001132 334.6210  25.4542 15.17572823123559
HORUS 1                 
1 55690U 23025A   25111.52454971  .00012149  00000+0  51180-3 0  9998
2 55690  97.3851 188.7902 0003676 151.4848 208.6590 15.23481322119853
HORUS 2                 
1 55844U 23032A   25111.49277227  .00013375  00000+0  56215-3 0  9996
2 55844  97.3912 189.2005 0005907 123.8567 236.3232 15.23527822117284
HAWK-7A                 
1 56191U 23054P   25110.77452928  .00010729  00000+0  41061-3 0  9992
2 56191  97.3332   1.8467 0008773 129.3019 230.8999 15.26705761112528
HAWK-7B                 
1 56193U 23054R   25110.64337582  .00011104  00000+0  42485-3 0  9997
2 56193  97.3223   0.0382 0009399 139.2065 220.9879 15.26700533112509
HAWK-7C                 
1 56200U 23054Y   25110.64324651  .00011061  00000+0  42332-3 0  9992
2 56200  97.3234   0.8504 0008718 137.1345 223.0575 15.26696716112500
HOTSAT-1                
1 56954U 23084Y   25111.47818124  .00009739  00000+0  39660-3 0  9995
2 56954  97.5695 236.3987 0010172  26.9315 333.2448 15.24654692102933
HORS 1                  
1 57188U 23091Y   25111.48934487  .00013851  00000+0  68211-3 0  9999
2 57188  97.5640 169.0332 0012550 124.8378 235.4037 15.18020783100169
HORS 2                  
1 57196U 23091AG  25111.47619119  .00015765  00000+0  72516-3 0  9998
2 57196  97.5652 170.0848 0012084 123.7136 236.5252 15.20362483100224
H2SAT (HEINRICH HERTZ)  
1 57213U 23093A   25110.60661258  .00000093  00000+0  00000+0 0  9998
2 57213   0.0158 201.8659 0000663 310.8987 287.7907  1.00269977  6676
HULIANWANG JISHU SHIYAN*
1 57288U 23095A   25111.52167983  .00000075  00000+0  11056-3 0  9997
2 57288  86.5038 150.7608 0015726 286.1688  73.7724 13.39517671 87300
HULIANWANG JISHU SHIYAN*
1 57289U 23095B   25111.51400214  .00000078  00000+0  11654-3 0  9991
2 57289  86.5039 150.7669 0014251 284.3277  75.6284 13.39519377 87302
HJ-2F                   
1 57519U 23116A   25111.49274053  .00016013  00000+0  72365-3 0  9990
2 57519  97.3886 119.3672 0004326  70.4883 289.6820 15.21020663 94626
HEAD-3A                 
1 57626U 23121A   25111.48864976  .00002548  00000+0  56207-3 0  9998
2 57626  45.0017 223.6882 0008297 245.8164 114.1825 14.59638048 89942
HEAD-3B                 
1 57627U 23121B   25111.48643243  .00002602  00000+0  56257-3 0  9997
2 57627  45.0026 219.8165 0007029 236.3150 123.7037 14.60518805 89992
HEAD-3C                 
1 57628U 23121C   25111.49809114  .00002679  00000+0  57012-3 0  9994
2 57628  44.9985 216.5432 0007515 234.5730 125.4426 14.61178154 90038
HEAD-3D                 
1 57629U 23121D   25111.50933519  .00002779  00000+0  58209-3 0  9994
2 57629  45.0039 213.7742 0008739 230.7259 129.2824 14.61817316 90075
HEAD-3E                 
1 57630U 23121E   25111.52479002  .00002873  00000+0  58911-3 0  9995
2 57630  45.0016 209.8381 0009085 221.7426 138.2739 14.62712424 90124
HAIYANG-3A              
1 58349U 23176A   25111.48750286  .00000337  00000+0  13621-3 0  9996
2 58349  98.5841 188.2974 0009993 182.4582 177.6555 14.34087159 74868
HAYASAT-1               
1 58471U 23185K   25111.52495392  .01837795  26861-2  21833-2 0  9997
2 58471  97.3513 190.6896 0012303 254.0224 105.9704 16.09017383 77785
HONGHU 2                
1 58555U 23193C   25111.00628105  .00001545  00000+0  48424-4 0  9998
2 58555  97.2614 110.8323 0036519 323.9333  35.9447 15.33995921 76009
HULIANWANG JISHU SHIYAN*
1 58691U 23212A   25110.96168273 -.00000062  00000+0  11881-3 0  9990
2 58691  49.9991  90.5715 0001051 291.0347  69.0418 13.41429276 64571
HULIANWANG JISHU SHIYAN*
1 58692U 23212B   25111.55156064 -.00000067  00000+0  10957-3 0  9990
2 58692  49.9961  88.8798 0001272 282.4618  77.6117 13.41427930 64655
HULIANWANG JISHU SHIYAN*
1 58693U 23212C   25110.95826874 -.00000062  00000+0  11915-3 0  9997
2 58693  49.9973  91.1285 0001139 267.0307  93.0440 13.41431082 64589
HBTSS-SV2               
1 58955U 24028A   25110.63872810  .00000158  00000+0  26432-3 0  9995
2 58955  39.9897 185.0383 0017578 334.8680  25.1210 13.70374162 59095
HBTSS-SV1               
1 58960U 24028F   25111.52155032  .00000156  00000+0  18350-3 0  9998
2 58960  39.9896 173.9993 0012779 353.1769   6.8810 13.92596396 59274
HULIANWAN GAOGUI-01 (H*)
1 59069U 24040A   25110.93933734  .00000160  00000+0  00000+0 0  9994
2 59069   0.0335 347.2089 0006568  11.6951 222.2051  1.00270101  3091
HORACIO                 
1 59098U 24043A   25111.48683517  .00005451  00000+0  49434-3 0  9997
2 59098  97.7978 237.8709 0010677 356.1133   4.0003 14.95700555 61554
HAMMER                  
1 59148U 24043BC  25111.47328784  .00017982  00000+0  55496-3 0  9991
2 59148  97.5013 242.6990 0008104 243.7617 116.2793 15.33594020 62862
HAWK-8A                 
1 59443U 24066B   25110.90775256  .00004063  00000+0  37182-3 0  9999
2 59443  45.5943 296.1105 0004060 306.0648  53.9856 14.96508620 56512
HAWK-8B                 
1 59445U 24066D   25110.90807113  .00004026  00000+0  36867-3 0  9997
2 59445  45.6202 297.0325 0004050 309.8440  50.2083 14.96508826 56506
HAWK-9A                 
1 59446U 24066E   25111.52556062  .00005076  00000+0  45759-3 0  9997
2 59446  45.6093 292.8735 0004016 296.7894  63.2576 14.96682622 56601
HAWK-9C                 
1 59448U 24066G   25110.92511972  .00003254  00000+0  30045-3 0  9991
2 59448  45.5973 295.5332 0004293 282.7077  77.3323 14.96672694 56511
HAWK-8C                 
1 59449U 24066H   25110.90762974  .00004083  00000+0  37360-3 0  9998
2 59449  45.6073 296.5662 0003629 311.0608  48.9959 14.96509460 56507
HAWK-9B                 
1 59450U 24066J   25111.52579226  .00005160  00000+0  46481-3 0  9996
2 59450  45.6221 293.3307 0004624 286.1956  73.8415 14.96684407 56609
HULIANWAN GAOGUI-02 (H*)
1 60327U 24135A   25110.90024888 -.00000169  00000+0  00000+0 0  9996
2 60327   0.0192 156.5926 0000708 196.5947 333.2502  1.00269772  3265
HYPSO-2                 
1 60531U 24149BR  25111.20689436  .00005636  00000+0  51541-3 0  9991
2 60531  97.7167 188.6418 0000823  91.7751 268.3564 14.95389518 36919
HAWK-10A                
1 60540U 24149CA  25111.19967278  .00003072  00000+0  28907-3 0  9994
2 60540  97.7244 188.9130 0004555  57.8837 302.2825 14.94592497 36912
HAWK-10B                
1 60545U 24149CF  25111.19956900  .00002870  00000+0  27031-3 0  9991
2 60545  97.7172 188.6723 0006690  69.6704 290.5235 14.94595659 36915
HYPERFIELD-1A           
1 60562U 24149CY  25111.19135756  .00008875  00000+0  36452-3 0  9996
2 60562  97.4137 189.6022 0005955  19.2895 340.8567 15.24416057 37613
HAWK-10C                
1 60575U 24149DM  25111.19983226  .00003110  00000+0  29253-3 0  9991
2 60575  97.7098 188.4225 0004087  47.6851 312.4715 14.94599625 36911
HULIANWAN GAOGUI-03 (H*)
1 61503U 24181A   25111.15991197 -.00000237  00000+0  00000+0 0  9994
2 61503   0.0170 192.3420 0000857 182.2555 175.3281  1.00270981  2067
HORS 3 (RS81S)          
1 61753U 24199U   25111.51437254  .00027027  00000+0  87040-3 0  9997
2 61753  97.3617 340.5171 0011091  15.6997 344.4587 15.32116812 72584
HORS 4 (RS82S)          
1 61754U 24199V   25111.54004803  .00026127  00000+0  82445-3 0  9995
2 61754  97.3612 340.6291 0011088  16.4232 343.7367 15.32776843 72596
HORIZON (RS59S)         
1 61757U 24199Y   25111.55416117  .00037991  00000+0  11078-2 0  9998
2 61757  97.3638 340.9702 0011050   5.2984 354.8374 15.35203069 72618
HYPERVIEW 1G (RS66S)    
1 61772U 24199AP  25111.57163519  .00033061  00000+0  10271-2 0  9990
2 61772  97.3613 340.5866 0014399  16.7864 343.3852 15.33184516 69442
HAIYANG 4-01            
1 61936U 24208A   25111.50268804  .00001192  00000+0  19183-3 0  9991
2 61936  98.0069 119.9762 0001813 100.8107 259.3305 14.73352864 23357
HAISHAO-1               
1 62190U 24228A   25109.75671595  .00172613  00000+0  15540-2 0  9994
2 62190  42.9914  17.3098 0007272 257.6067 102.3985 15.66869275 21228
HULIANWANG DIGUI-01     
1 62323U 24240A   25111.21369519 -.00000125  00000+0 -32651-3 0  9993
2 62323  86.4950 125.6594 0001541  92.8006 267.3305 13.24417167 16782
HULIANWANG DIGUI-02     
1 62324U 24240B   25110.91906760 -.00000120  00000+0 -31355-3 0  9990
2 62324  86.4979 125.7998 0001606  88.7067 271.4251 13.24416726 16759
HULIANWANG DIGUI-03     
1 62325U 24240C   25111.20613421 -.00000123  00000+0 -31985-3 0  9995
2 62325  86.4932 125.6352 0001544  95.0399 265.0912 13.24417535 16787
HULIANWANG DIGUI-04     
1 62326U 24240D   25111.19857079 -.00000137  00000+0 -35404-3 0  9998
2 62326  86.4941 125.6410 0001542  93.9135 266.2176 13.24418346 16782
HULIANWANG DIGUI-05     
1 62327U 24240E   25110.96436732 -.00000130  00000+0 -33812-3 0  9996
2 62327  86.4994 125.7799 0001595  93.3776 266.7540 13.24418738 16757
HULIANWANG DIGUI-06     
1 62328U 24240F   25110.94925270 -.00000133  00000+0 -34457-3 0  9994
2 62328  86.4931 125.6947 0001564  89.9058 270.2255 13.24418826 16754
HULIANWANG DIGUI-07     
1 62329U 24240G   25110.94170432 -.00000142  00000+0 -36551-3 0  9994
2 62329  86.4902 125.6555 0001656  92.0210 268.1114 13.24418288 16757
HULIANWANG DIGUI-08     
1 62330U 24240H   25111.48565016 -.00000150  00000+0 -38292-3 0  9995
2 62330  86.4985 125.5875 0001552  94.2684 265.8627 13.24418470 16822
HULIANWANG DIGUI-09     
1 62331U 24240J   25110.93418436 -.00000127  00000+0 -32954-3 0  9991
2 62331  86.4951 125.7733 0001591  91.7538 268.3778 13.24415722 16747
HULIANWANG DIGUI-10     
1 62332U 24240K   25111.53101531 -.00000123  00000+0 -32058-3 0  9995
2 62332  86.4982 125.6016 0001550  88.8840 271.2471 13.24415735 16829
HAWK-11B                
1 62379U 24247C   25110.89588705  .00012802  00000+0  55388-3 0  9999
2 62379  45.0113  70.8582 0000585 155.2312 204.8597 15.22483830 18471
HAWK-11C                
1 62381U 24247E   25110.96114017  .00012795  00000+0  55354-3 0  9995
2 62381  44.9979  70.3385 0001370 226.4385 133.6382 15.22485663 18480
HAWK-11A                
1 62382U 24247F   25110.89563071  .00012637  00000+0  54697-3 0  9990
2 62382  44.9863  70.5012 0001340 186.6226 173.4637 15.22478700 18478
HYPE                    
1 62687U 25009CG  25110.65433760  .00058657  00000+0  22283-2 0  9997
2 62687  97.4429 192.2480 0003238 227.7499 132.3466 15.26589950 14558
HADES-R                 
1 62690U 25009CK  25110.68707214  .00047718  00000+0  18969-2 0  9994
2 62690  97.4103 191.8222 0003167 226.7306 133.3668 15.25134465 14536
HYDRA-T                 
1 62692U 25009CM  25110.67954875  .00049454  00000+0  19549-2 0  9996
2 62692  97.4111 191.8322 0002991 221.3069 138.7943 15.25312894 14538
HULIANWANG DIGUI-11     
1 62971U 25030A   25111.21163331  .00000019  00000+0  16478-3 0  9993
2 62971  50.0021 314.7444 0000756  49.6334 310.4624 13.75391454  9640
HULIANWANG DIGUI-12     
1 62972U 25030B   25111.07138317  .00000020  00000+0  16638-3 0  9994
2 62972  50.0034 315.3464 0000159 157.1202 202.9697 13.75265406  9620
HULIANWANG DIGUI-13     
1 62973U 25030C   25111.06268603  .00000025  00000+0  17098-3 0  9992
2 62973  50.0050 315.3005 0000491 193.2708 166.8171 13.75534451  9625
HULIANWANG DIGUI-14     
1 62974U 25030D   25111.34197232  .00000021  00000+0  16543-3 0  9993
2 62974  50.0045 314.1153 0000741 111.5461 248.5510 13.75988318  9662
HULIANWANG DIGUI-15     
1 62975U 25030E   25110.98667697  .00000021  00000+0  16615-3 0  9990
2 62975  50.0037 315.5667 0000585 188.8782 171.2100 13.75686243  9612
HULIANWANG DIGUI-16     
1 62976U 25030F   25111.12054841  .00000018  00000+0  16285-3 0  9998
2 62976  50.0070 314.9527 0001578 171.3296 188.7624 13.76141628  9638
HULIANWANG DIGUI-17     
1 62977U 25030G   25111.33424457  .00000019  00000+0  16347-3 0  9996
2 62977  50.0004 314.1049 0001958  60.8464 299.2624 13.76312263  9664
HULIANWANG DIGUI-18     
1 62978U 25030H   25110.74354983  .00000005  00000+0  14835-3 0  9992
2 62978  50.0099 316.2982 0000230 271.8054  88.2812 13.76712958  9580
HULIANWANG DIGUI-19     
1 62979U 25030J   25110.61931028  .00000010  00000+0  15349-3 0  9997
2 62979  50.0163 316.9765 0000819 301.4982  58.5830 13.76356625  9565
HYDRA-W                 
1 63490U 25052BL  25111.49539211  .00043030  00000+0  19750-2 0  9993
2 63490  97.4373   6.2052 0012785 171.6434 188.5017 15.20205748  5796
HADES-ICM               
1 63492U 25052BN  25110.90630476  .00030916  00000+0  14361-2 0  9997
2 63492  97.4379   5.6179 0012762 178.1212 182.0073 15.19870849  5708
