ITAMSAT (IO-26)         
1 22826U 93061D   25110.59978452  .00000258  00000+0  11469-3 0  9995
2 22826  98.7356 171.7754 0007918 239.5448 120.4953 14.31188837646860
INMARSAT 3-F1           
1 23839U 96020A   25111.17000803 -.00000225  00000+0  00000+0 0  9999
2 23839   9.7201  50.3697 0003453 338.8166 215.5320  0.99999975106333
INMARSAT 3-F2           
1 24307U 96053A   25111.14272414  .00000127  00000+0  00000+0 0  9992
2 24307   8.8987  58.0925 0006437 344.4963  73.5865  0.99987867104732
INMARSAT 3-F3           
1 24674U 96070A   25110.76914248 -.00000327  00000+0  00000+0 0  9996
2 24674   9.4024  53.5598 0004221 314.7853 230.2757  0.99991966103681
INMARSAT 3-F5           
1 25153U 98006B   25110.73613793 -.00000282  00000+0  00000+0 0  9998
2 25153   8.7444  57.3150 0004909 340.8874  21.8599  1.00268681 99668
ISS (ZARYA)             
1 25544U 98067A   25111.53383319  .00020357  00000+0  36624-3 0  9995
2 25544  51.6376 227.6374 0005460  64.1634  38.7400 15.49796126506373
IMAGE                   
1 26113U 00017A   25110.52836681 -.00000222  00000+0 -54896-2 0  9990
2 26113  93.8743 308.8809 7665437 338.3997   1.9370  1.68660577154371
INTELSAT 9 (IS-9)       
1 26451U 00043A   25110.90600193 -.00000005  00000+0  00000+0 0  9996
2 26451   9.4582  53.0044 0004057 354.8651 193.7704  1.00272124 39903
INTELSAT 10 (IS-10)     
1 26766U 01019A   25110.97405910  .00000000  00000+0  00000+0 0  9990
2 26766   8.0633  63.5509 0004267 326.6839 235.8334  1.00272736 87699
INTELSAT 901 (IS-901)   
1 26824U 01024A   25110.69350440  .00000053  00000+0  00000+0 0  9995
2 26824   0.1456  94.2286 0003604 321.7206 272.6003  0.98813345 18746
INTELSAT 902 (IS-902)   
1 26900U 01039A   25103.10644801 -.00000274  00000+0  00000+0 0  9997
2 26900   5.0285  77.0169 0004504 302.7671 169.9948  1.00271701 86388
INTELSAT 904 (IS-904)   
1 27380U 02007A   25111.24071133 -.00000207  00000+0  00000+0 0  9998
2 27380   5.8610  74.2193 0003180 320.3837 232.1108  1.00271250 84856
INTELSAT 905 (IS-905)   
1 27438U 02027A   25108.50961337  .00000068  00000+0  00000+0 0  9997
2 27438   5.6818  74.8872 0003688 278.4466 275.8686  0.99881115 83704
INTELSAT 906 (IS-906)   
1 27513U 02041A   25111.47354975  .00000020  00000+0  00000+0 0  9999
2 27513   4.7299  78.1094 0002947 323.6065  42.6958  1.00271668 82743
IRS-P6 (RESOURCESAT-1)  
1 28051U 03046A   25111.57131323  .00000316  00000+0  12026-3 0  9997
2 28051  98.2461 162.4226 0064900 165.4006 355.8680 14.35947376120043
INTELSAT 10-02          
1 28358U 04022A   25111.46086427 -.00000008  00000+0  00000+0 0  9998
2 28358   0.0164 116.5180 0000853 263.5544 354.6528  1.00269082 76404
INMARSAT 4-F1           
1 28628U 05009A   25110.63864189  .00000039  00000+0  00000+0 0  9994
2 28628   4.6272  42.0773 0003447  10.7752 204.1032  1.00270709 73437
IRS-P5 (CARTOSAT-1)     
1 28649U 05017A   25111.14950967  .00002480  00000+0  26615-3 0  9999
2 28649  97.5724 147.7685 0002269  68.4646 291.6814 14.89455022 81039
INMARSAT 4-F2           
1 28899U 05044A   25111.55546168 -.00000254  00000+0  00000+0 0  9999
2 28899   4.5531  43.3521 0003090   7.1428 142.8402  1.00272020 71270
INTELSAT 11 (IS-11)     
1 32253U 07044B   25111.48586605 -.00000146  00000+0  00000+0 0  9992
2 32253   2.4641  83.8714 0000448 287.1636 194.6073  0.99049622 64296
ICO G1                  
1 32763U 08016A   25111.51086590 -.00000166  00000+0  00000+0 0  9992
2 32763   5.3910  36.7552 0002361 341.2413 282.8883  1.00272123 62240
INTELSAT 25 (IS-25)     
1 33153U 08034A   25110.85114075 -.00000218  00000+0  00000+0 0  9990
2 33153   1.6158  85.5325 0003315 318.3163  80.2426  1.00270788 61465
INMARSAT 4-F3           
1 33278U 08039A   25111.22393887 -.00000135  00000+0  00000+0 0  9993
2 33278   3.9460  29.5963 0002878   5.3905 157.1518  1.00273220 61033
ITUPSAT1                
1 35935U 09051E   25110.64367321  .00001645  00000+0  35730-3 0  9997
2 35935  98.4379   5.9594 0008874 104.9482 255.2700 14.59423247827081
INTELSAT 14 (IS-14)     
1 36097U 09064A   25110.85669841 -.00000269  00000+0  00000+0 0  9996
2 36097   0.0084 123.9667 0002634 277.6491  70.9945  1.00271238 56373
INTELSAT 15 (IS-15)     
1 36106U 09067A   25110.88378083 -.00000181  00000+0  00000+0 0  9991
2 36106   0.0183 246.9791 0002394 147.3904 218.1583  1.00270100 36990
INTELSAT 16 (IS-16)     
1 36397U 10006A   25111.44566113 -.00000241  00000+0  00000+0 0  9991
2 36397   0.0113 125.0112 0002092 290.2016 238.7957  1.00270387 55492
INTELSAT 17 (IS-17)     
1 37238U 10065B   25110.90600193  .00000002  00000+0  00000+0 0  9992
2 37238   0.0234 244.8967 0002526 158.5056 197.9760  1.00272261 49013
INTELSAT 28 (IS-28)     
1 37392U 11016A   25111.66874333 -.00000224  00000+0  00000+0 0  9990
2 37392   0.7131  88.0677 0006051 303.1378  27.8885  1.00241402 51290
INTELSAT 18 (IS-18)     
1 37834U 11056A   25111.22267147  .00000056  00000+0  00000+0 0  9998
2 37834   0.0154 252.7783 0002026 141.9151  75.0125  1.00270763 49619
INTELSAT 22 (IS-22)     
1 38098U 12011A   25110.90394664 -.00000055  00000+0  00000+0 0  9992
2 38098   0.0084 243.1289 0001720 150.6156 212.9990  1.00271060 47814
INTELSAT 19 (IS-19)     
1 38356U 12030A   25111.17058606 -.00000052  00000+0  00000+0 0  9990
2 38356   0.0179 255.3227 0003159 141.4735  40.1130  1.00272670 47288
INTELSAT 20 (IS-20)     
1 38740U 12043A   25110.90600193 -.00000020  00000+0  00000+0 0  9990
2 38740   0.0214 140.0258 0002729  45.1631  58.6867  1.00270261 46516
INTELSAT 21 (IS-21)     
1 38749U 12045A   25111.49419771 -.00000281  00000+0  00000+0 0  9995
2 38749   0.0173 124.8534 0001956 278.0989 286.7805  1.00271157 46410
INTELSAT 23 (IS-23)     
1 38867U 12057A   25111.16470833 -.00000281  00000+0  00000+0 0  9999
2 38867   0.0184 176.0809 0000068 342.7267  56.9813  1.00276354 45877
IRIS                    
1 39197U 13033A   25111.13324452  .00001995  00000+0  24285-3 0  9990
2 39197  97.9554 306.5734 0023678 257.3611 102.4955 14.84400637637750
IRNSS-1A                
1 39199U 13034A   25111.47155149  .00000098  00000+0  00000+0 0  9993
2 39199  34.7809  69.9444 0017465 186.2259 178.3235  1.00273355 43424
INSAT-3D                
1 39216U 13038B   25111.48649491 -.00000335  00000+0  00000+0 0  9991
2 39216   0.8332  88.2039 0001566 248.2803 177.9894  1.00274811 43077
INMARSAT 5-F1           
1 39476U 13073A   25110.75924810  .00000032  00000+0  00000+0 0  9991
2 39476   0.0027 244.1136 0000323 268.3508  32.5542  1.00271841 41359
IRNSS-1B                
1 39635U 14017A   25110.97180021  .00000100  00000+0  00000+0 0  9995
2 39635  28.8298 247.6035 0021980 182.3720 184.2121  1.00275951 40558
IRNSS-1C                
1 40269U 14061A   25110.90611866 -.00000154  00000+0  00000+0 0  9998
2 40269   5.4431  97.5177 0020796   1.6569 159.2688  1.00273932 38453
INTELSAT 30 (IS-30)     
1 40271U 14062A   25111.17891947 -.00000147  00000+0  00000+0 0  9994
2 40271   0.0087 333.1183 0000899  82.7365 123.0100  1.00271662 38531
INMARSAT 5-F2           
1 40384U 15005A   25111.02149578 -.00000281  00000+0  00000+0 0  9996
2 40384   0.0243 114.1784 0000162 251.4701 156.4176  1.00271821 37445
IRNSS-1D                
1 40547U 15018A   25110.29836472 -.00000287  00000+0  00000+0 0  9991
2 40547  26.8827 247.3446 0021256 185.8330 354.6881  1.00271323 36743
INTELSAT 34 (IS-34)     
1 40874U 15039A   25111.30700105 -.00000282  00000+0  00000+0 0  9998
2 40874   0.0124 263.5260 0000483   0.3307   0.8080  1.00270699 35383
INMARSAT 5-F3           
1 40882U 15042A   25111.22267147  .00000054  00000+0  00000+0 0  9992
2 40882   0.0402  85.3063 0000485 309.4903  74.5218  1.00270753 35325
IRNSS-1F                
1 41384U 16015A   25111.18165001  .00000166  00000+0  00000+0 0  9996
2 41384   4.3008 107.6775 0018749 189.4725  10.2567  1.00275445 33426
IRNSS-1G                
1 41469U 16027A   25110.88725275 -.00000328  00000+0  00000+0 0  9995
2 41469   4.1628 108.6098 0006768 326.3025 223.2345  1.00269690 32949
INTELSAT 31 (IS-31)     
1 41581U 16035A   25110.92614108 -.00000147  00000+0  00000+0 0  9995
2 41581   0.0082 226.4571 0001909 359.6507 221.4966  1.00271806 32440
INTELSAT 36 (IS-36)     
1 41747U 16053A   25111.47441854 -.00000022  00000+0  00000+0 0  9998
2 41747   0.0120 302.9134 0001100   4.7895 141.3886  1.00273221 31716
INSAT-3DR               
1 41752U 16054A   25111.40410253 -.00000074  00000+0  00000+0 0  9994
2 41752   0.1441  89.0859 0010759 187.5515 152.5782  1.00272120 31575
IRIDIUM 106             
1 41917U 17003A   25110.50757140 -.00000054  00000+0 -26380-4 0  9994
2 41917  86.3924 265.1132 0001917 108.4442 251.6962 14.34217162432626
IRIDIUM 103             
1 41918U 17003B   25110.84372857  .00000316  00000+0  10577-3 0  9999
2 41918  86.3928 264.8731 0001571  86.4222 273.7153 14.34217178432690
IRIDIUM 109             
1 41919U 17003C   25110.50122525  .00000525  00000+0  18053-3 0  9997
2 41919  86.3930 265.0690 0002040  86.6586 273.4843 14.34215181432615
IRIDIUM 102             
1 41920U 17003D   25111.51604518 -.00000113  00000+0 -47519-4 0  9993
2 41920  86.3928 264.5771 0002237  94.3433 265.8019 14.34216423432848
IRIDIUM 105             
1 41921U 17003E   25111.41700284  .00000406  00000+0  13793-3 0  9999
2 41921  86.3990 233.0522 0001885  92.8277 267.3134 14.34216688434682
IRIDIUM 104             
1 41922U 17003F   25110.48220025  .00000096  00000+0  27369-4 0  9996
2 41922  86.3931 265.0458 0002040  79.2530 280.8896 14.34217729432686
IRIDIUM 114             
1 41923U 17003G   25110.83738505  .00000095  00000+0  26895-4 0  9995
2 41923  86.3923 264.8817 0001887  92.2241 267.9171 14.34218338432719
IRIDIUM 108             
1 41924U 17003H   25111.42382481  .00000101  00000+0  28888-4 0  9992
2 41924  86.3984 232.9542 0002169 100.1188 260.0253 14.34218261434678
IRIDIUM 112             
1 41925U 17003J   25110.82469742  .00000135  00000+0  40968-4 0  9992
2 41925  86.3926 264.7482 0002065  88.7622 271.3810 14.34217681432767
IRIDIUM 111             
1 41926U 17003K   25111.50969996  .00000377  00000+0  12765-3 0  9996
2 41926  86.3926 264.5227 0002075  96.2254 263.9178 14.34217136432881
INTELSAT 32E (IS-32E)   
1 41945U 17007B   25110.85669841 -.00000264  00000+0  00000+0 0  9995
2 41945   0.0177 126.6823 0000824 235.4702 112.2680  1.00270392 29998
INMARSAT 5-F4           
1 42698U 17025A   25111.18642844  .00000079  00000+0  00000+0 0  9995
2 42698   0.0102  61.4750 0000570 327.2791 304.3890  1.00272054 29021
IRIDIUM 113             
1 42803U 17039A   25110.51290777  .00000019  00000+0 -18157-6 0  9992
2 42803  86.3965 138.8643 0002321  85.6354 274.5107 14.34217659410607
IRIDIUM 123             
1 42804U 17039B   25111.18230270  .00000006  00000+0 -48961-5 0  9990
2 42804  86.4021 170.0192 0001938 101.0927 259.0486 14.34217506409462
IRIDIUM 120             
1 42805U 17039C   25110.64610278  .00000024  00000+0  14094-5 0  9990
2 42805  86.3953 138.6460 0002343 100.8607 259.2853 14.34217378410613
IRIDIUM 115             
1 42806U 17039D   25111.51774276  .00000393  00000+0  11094-3 0  9991
2 42806  86.4490 138.3525 0001788 108.0621 252.0775 14.43281779413442
IRIDIUM 118             
1 42807U 17039E   25110.72563684 -.00000025  00000+0 -16130-4 0  9994
2 42807  86.4021 170.2098 0002193  92.3076 267.8371 14.34217324409393
IRIDIUM 117             
1 42808U 17039F   25111.23304347  .00000018  00000+0 -70502-6 0  9997
2 42808  86.4020 169.9596 0001840  96.9219 263.2186 14.34217622409506
IRIDIUM 126             
1 42809U 17039G   25111.18864580 -.00000063  00000+0 -29520-4 0  9995
2 42809  86.4023 170.0226 0001931  90.9370 269.2047 14.34217183409476
IRIDIUM 124             
1 42810U 17039H   25111.45155681  .00000337  00000+0  94159-4 0  9994
2 42810  86.4440 106.6975 0002286  96.0822 264.0640 14.43277034414288
IRIDIUM 128             
1 42811U 17039J   25111.17938364  .00000315  00000+0  10544-3 0  9992
2 42811  86.4033 201.4810 0002339 108.7249 251.4201 14.34217995409492
IRIDIUM 121             
1 42812U 17039K   25111.55651677  .00000155  00000+0  48362-4 0  9996
2 42812  86.4021 169.8940 0002490  97.0568 263.0911 14.34217821409511
INTELSAT 35E (IS-35E)   
1 42818U 17041A   25110.85114075 -.00000234  00000+0  00000+0 0  9994
2 42818   0.0169 224.6389 0001975 168.9854  87.4697  1.00270890 28589
INTELSAT 37E (IS-37E)   
1 42950U 17059A   25111.17165876 -.00000137  00000+0  00000+0 0  9993
2 42950   0.0180 247.5257 0002657 146.8050 218.9587  1.00271273 27818
IRIDIUM 133             
1 42955U 17061A   25111.21109678  .00000562  00000+0  19355-3 0  9992
2 42955  86.4032 201.5752 0002202 100.4995 259.6449 14.34218552394297
IRIDIUM 100             
1 42956U 17061B   25111.34429111 -.00000030  00000+0 -17828-4 0  9990
2 42956  86.4034 201.4488 0001982  99.9816 260.1604 14.34217295394331
IRIDIUM 122             
1 42957U 17061C   25111.31257675  .00000492  00000+0  16862-3 0  9998
2 42957  86.4033 201.4611 0002019  97.1857 262.9568 14.34215631394315
IRIDIUM 129             
1 42958U 17061D   25111.33794931  .00000025  00000+0  19429-5 0  9998
2 42958  86.4034 201.5131 0002482  85.3778 274.7701 14.34217831394336
IRIDIUM 119             
1 42959U 17061E   25110.81785596  .00000021  00000+0  57781-6 0  9998
2 42959  86.4034 201.7235 0002025  93.2936 266.8491 14.34217751394273
IRIDIUM 107             
1 42960U 17061F   25110.69734520  .00000303  00000+0  10107-3 0  9998
2 42960  86.4035 201.7925 0001791 103.6280 256.5115 14.34216421394260
IRIDIUM 132             
1 42961U 17061G   25110.70368935 -.00000006  00000+0 -92574-5 0  9996
2 42961  86.4038 201.7727 0001987  99.5258 260.6163 14.34217470394263
IRIDIUM 136             
1 42962U 17061H   25110.66563343 -.00000306  00000+0 -11636-3 0  9993
2 42962  86.4037 201.7927 0001817  93.9849 266.1554 14.34217258394271
IRIDIUM 139             
1 42963U 17061J   25110.81151349 -.00000022  00000+0 -15023-4 0  9990
2 42963  86.4037 201.7872 0001952 100.0576 260.0840 14.34217381394300
IRIDIUM 125             
1 42964U 17061K   25111.21743677  .00000236  00000+0  77108-4 0  9994
2 42964  86.4037 201.6708 0001660  91.4748 268.6638 14.34217130394376
IRIDIUM 135             
1 43070U 17083A   25110.49387797  .00000371  00000+0  12550-3 0  9992
2 43070  86.3957 138.7362 0002514  93.0810 267.0674 14.34217500383561
IRIDIUM 138             
1 43071U 17083B   25111.49600861  .00000211  00000+0  68336-4 0  9991
2 43071  86.3945 137.9959 0002192  78.8687 281.2755 14.34217938383694
IRIDIUM 116             
1 43072U 17083C   25110.48753383  .00000225  00000+0  73323-4 0  9995
2 43072  86.3959 138.7309 0002427  97.1724 262.9748 14.34217272383582
IRIDIUM 130             
1 43073U 17083D   25110.59535760  .00000195  00000+0  62662-4 0  9995
2 43073  86.3967 138.9193 0002191 103.0770 257.0670 14.34219222383543
IRIDIUM 151             
1 43074U 17083E   25110.50022027  .00000328  00000+0  11014-3 0  9996
2 43074  86.3957 138.7731 0002383  97.3291 262.8176 14.34217395383550
IRIDIUM 134             
1 43075U 17083F   25111.16619430  .00000015  00000+0 -15809-5 0  9992
2 43075  86.3962 138.4969 0001996  99.3536 260.7886 14.34217603383614
IRIDIUM 137             
1 43076U 17083G   25110.62073328 -.00000012  00000+0 -11506-4 0  9990
2 43076  86.3965 138.8090 0002773 100.5528 259.5981 14.34217349383605
IRIDIUM 141             
1 43077U 17083H   25111.17253438  .00000121  00000+0  36019-4 0  9999
2 43077  86.3955 138.4333 0002185  85.8913 274.2532 14.34217108383688
IRIDIUM 153             
1 43078U 17083J   25111.47355756  .00000020  00000+0  61753-7 0  9993
2 43078  86.3921 106.7848 0001950  77.6507 282.4907 14.34217591384839
IRIDIUM 131             
1 43079U 17083K   25111.50869521 -.00000012  00000+0 -11228-4 0  9990
2 43079  86.3966 138.4505 0002306  88.1412 272.0048 14.34217366383660
IRIDIUM 144             
1 43249U 18030A   25111.47989919  .00000066  00000+0  16661-4 0  9995
2 43249  86.3915 106.7206 0002239  93.7857 266.3595 14.34217965369717
IRIDIUM 149             
1 43250U 18030B   25111.48624316  .00000035  00000+0  55302-5 0  9997
2 43250  86.3915 106.6901 0002322  93.3508 266.7953 14.34217696369715
IRIDIUM 157             
1 43251U 18030C   25110.94712194  .00000004  00000+0 -55917-5 0  9999
2 43251  86.3918 106.9595 0002339  84.3998 275.7465 14.34217327369610
IRIDIUM 140             
1 43252U 18030D   25110.96614990 -.00000017  00000+0 -13304-4 0  9995
2 43252  86.3919 106.9651 0002064  93.4550 266.6882 14.34217272369672
IRIDIUM 145             
1 43253U 18030E   25111.51161386  .00000036  00000+0  56768-5 0  9995
2 43253  86.3917 106.7097 0002346  99.9002 260.2459 14.34217598369681
IRIDIUM 146             
1 43254U 18030F   25110.93443774  .00000025  00000+0  18396-5 0  9998
2 43254  86.3916 106.9652 0002284 100.3514 259.7939 14.34217508369616
IRIDIUM 148             
1 43255U 18030G   25110.97249190  .00000003  00000+0 -58684-5 0  9990
2 43255  86.3919 106.9858 0002346  92.8780 267.2684 14.34217352369659
IRIDIUM 142             
1 43256U 18030H   25111.08031754  .00000039  00000+0  66918-5 0  9996
2 43256  86.3913 106.8449 0002414 100.6314 259.5154 14.34217634369633
IRIDIUM 150             
1 43257U 18030J   25111.46721378 -.00000075  00000+0 -33702-4 0  9993
2 43257  86.3920 106.7857 0002131  97.1731 262.9707 14.34216599369735
IRIDIUM 143             
1 43258U 18030K   25111.51795433  .00000499  00000+0  17108-3 0  9992
2 43258  86.3919 106.8410 0002278 102.0540 258.0911 14.34217826369687
IRNSS-1I                
1 43286U 18035A   25110.98169809  .00000108  00000+0  00000+0 0  9996
2 43286  29.0140  80.7773 0019677 188.0447 348.9208  1.00271861 25833
IRIDIUM 161             
1 43478U 18047C   25110.87485100  .00000410  00000+0  11588-3 0  9998
2 43478  86.4447 264.8981 0002259  91.7848 268.3611 14.43288768364229
IRIDIUM 152             
1 43479U 18047D   25110.51391352  .00000085  00000+0  23439-4 0  9992
2 43479  86.3922 264.9094 0002177  91.6557 268.4888 14.34217954361906
IRIDIUM 147             
1 43480U 18047E   25110.86909900  .00000504  00000+0  17273-3 0  9990
2 43480  86.3929 264.7588 0002382  89.2924 270.8544 14.34214865361959
IRIDIUM 110             
1 43481U 18047F   25110.52659139  .00000504  00000+0  17296-3 0  9995
2 43481  86.3929 264.9828 0002131  81.3780 278.7657 14.34214933361895
IRIDIUM 162             
1 43482U 18047G   25110.86855324  .00000763  00000+0  22084-3 0  9995
2 43482  86.4445 264.7961 0001879  86.4598 273.6818 14.43277149364217
IRIDIUM 160             
1 43569U 18061A   25110.75151062  .00000149  00000+0  46303-4 0  9992
2 43569  86.3987 233.2574 0002237  89.0771 271.0682 14.34217477352828
IRIDIUM 166             
1 43570U 18061B   25110.77687652  .00000259  00000+0  85476-4 0  9991
2 43570  86.3987 233.2029 0002180 102.4221 257.7218 14.34220266352851
IRIDIUM 158             
1 43571U 18061C   25110.74516742  .00000089  00000+0  24759-4 0  9998
2 43571  86.3985 233.2262 0001933  95.8063 264.3353 14.34217239352819
IRIDIUM 165             
1 43572U 18061D   25110.77053396  .00000414  00000+0  14073-3 0  9992
2 43572  86.3991 233.2538 0002427 101.4660 258.6808 14.34217483352844
IRIDIUM 155             
1 43573U 18061E   25110.80225095  .00000022  00000+0  84542-6 0  9990
2 43573  86.3985 233.1305 0001929  99.4274 260.7140 14.34217676352816
IRIDIUM 154             
1 43574U 18061F   25110.78322237  .00000100  00000+0  28786-4 0  9997
2 43574  86.3988 233.2509 0002235  94.7175 265.4276 14.34218549352863
IRIDIUM 163             
1 43575U 18061G   25110.76419562  .00000143  00000+0  44166-4 0  9991
2 43575  86.3987 233.1879 0002116  91.7223 268.4215 14.34218039352838
IRIDIUM 156             
1 43576U 18061H   25110.73882392  .00000320  00000+0  10719-3 0  9997
2 43576  86.3986 233.2050 0001961 104.2147 255.9267 14.34216551352826
IRIDIUM 164             
1 43577U 18061J   25111.34771437  .00000052  00000+0  11667-4 0  9999
2 43577  86.3988 232.9844 0002383  99.8340 260.3125 14.34218090352956
IRIDIUM 159             
1 43578U 18061K   25110.89739013  .00000301  00000+0  10054-3 0  9998
2 43578  86.3984 233.1180 0002309  92.2884 267.8576 14.34216220352851
ICESAT-2                
1 43613U 18070A   25111.20915144  .00018230  00000+0  66182-3 0  9998
2 43613  91.9934 177.4769 0006063  57.9992 302.1846 15.28240474368010
ITASAT                  
1 43786U 18099AE  25111.12931721  .00007970  00000+0  46441-3 0  9995
2 43786  97.4615 166.5830 0014809  24.2812 335.9113 15.12165610348987
ICEYE-X2                
1 43800U 18099AU  25111.48276920  .00010455  00000+0  62395-3 0  9992
2 43800  97.4928 168.1845 0010279 328.7880  31.2738 15.11271614348990
ISAT                    
1 43879U 18111D   25111.27788704  .00028102  00000+0  10387-2 0  9999
2 43879  97.5978  24.6524 0010102  27.9373 332.2406 15.27637103344147
IRIDIUM 180             
1 43922U 19002A   25111.24572938  .00000018  00000+0 -62392-6 0  9999
2 43922  86.4021 169.9566 0002117  92.3613 267.7825 14.34217523328552
IRIDIUM 176             
1 43923U 19002B   25111.21547611  .00001640  00000+0  25618-3 0  9995
2 43923  86.6144 169.9680 0001937  84.1874 275.9564 14.72247747337166
IRIDIUM 168             
1 43924U 19002C   25111.23938541 -.00000063  00000+0 -29453-4 0  9996
2 43924  86.4025 170.0245 0002216  95.6503 264.4945 14.34216766328497
IRIDIUM 173             
1 43925U 19002D   25111.22670147  .00000153  00000+0  47673-4 0  9993
2 43925  86.4017 169.9365 0002072  91.6941 268.4492 14.34217453328485
IRIDIUM 169             
1 43926U 19002E   25111.32693668  .00000664  00000+0  21050-3 0  9995
2 43926  86.4291 201.4578 0000842 119.8939 240.2343 14.38611046329575
IRIDIUM 172             
1 43927U 19002F   25111.22035890  .00000265  00000+0  87485-4 0  9994
2 43927  86.4018 169.9455 0002447  88.3542 271.7934 14.34217369328488
IRIDIUM 175             
1 43928U 19002G   25111.48219503  .00000636  00000+0  96860-4 0  9997
2 43928  86.1473 125.6114 0002185 116.7206 243.4234 14.72244841337198
IRIDIUM 171             
1 43929U 19002H   25110.71294833  .00000396  00000+0  13449-3 0  9996
2 43929  86.4029 170.4165 0002496 102.1157 258.0318 14.34220306328409
IRIDIUM 170             
1 43930U 19002J   25110.54196560  .00001254  00000+0  19501-3 0  9996
2 43930  86.6144 170.2541 0002108 103.0442 257.1011 14.72259568337071
IRIDIUM 167             
1 43931U 19002K   25110.70660535  .00000150  00000+0  46491-4 0  9996
2 43931  86.4020 170.1787 0002279 106.4965 253.6481 14.34219400328408
ICEYE-X5                
1 44389U 19038C   25111.50271938  .00027581  00000+0  94751-3 0  9995
2 44389  97.9180 127.4313 0008522 322.7587  37.3060 15.30057424318031
ICEYE-X4                
1 44390U 19038D   25111.50750297  .00014788  00000+0  71090-3 0  9993
2 44390  97.9047 117.3013 0015680 336.6811  23.3709 15.18818021317585
INTELSAT 39 (IS-39)     
1 44476U 19049B   25111.51934706  .00000037  00000+0  00000+0 0  9991
2 44476   0.0164 227.3225 0000326 284.3918 307.0251  1.00268965 20891
INMARSAT GX5            
1 44801U 19080B   25111.17739287  .00000079  00000+0  00000+0 0  9993
2 44801   0.0526  46.0521 0002188 349.4039 248.9133  1.00273026 19855
IHOPSAT-TD              
1 44859U 19089H   25110.92830883  .00005112  00000+0  32618-3 0  9998
2 44859  36.9682  57.2582 0005496 350.5632   9.5009 15.08518148294125
ION-MK01                
1 46274U 20061C   25111.16021021  .00033622  00000+0  63407-3 0  9993
2 46274  97.2487 178.6040 0003861  78.1366 282.0318 15.48408521257328
ICEYE-X7                
1 46496U 20068L   25111.50066657  .00017464  00000+0  80550-3 0  9992
2 46496  97.7034  59.1725 0010397  16.2148 343.9417 15.20267481250499
ICEYE-X6                
1 46497U 20068M   25111.45984891  .00006736  00000+0  53659-3 0  9996
2 46497  98.0478  82.3178 0006345  69.4258 290.7645 15.00693586249909
IPM 2 & BREEZE-M R/B    
1 47242U 20097A   25110.62696657 -.00000110  00000+0  00000+0 0  9994
2 47242   4.2193  81.9207 0083105 266.2327  92.8778  0.95298400 15242
ION SCV-002             
1 47504U 21006CV  25110.96415862  .00012888  00000+0  40601-3 0  9999
2 47504  97.1146 120.7349 0013794 195.0707 165.0127 15.32939415235126
ICEYE-X8                
1 47510U 21006DB  25111.53526722  .00062604  00000+0  84576-3 0  9998
2 47510  97.2821 173.8871 0003971 187.2054 172.9146 15.57554869235881
ICEYE-X13               
1 48916U 21059AP  25111.50900449  .00060126  00000+0  88549-3 0  9997
2 48916  97.6513 270.6030 0003673 128.1863 231.9722 15.55225744212042
ICEYE-X15               
1 48917U 21059AQ  25111.51246066  .00112139  00000+0  74532-3 0  9996
2 48917  97.6354 288.4097 0003767 302.9111  57.1790 15.75105427213229
ICEYE-X11               
1 48918U 21059AR  25111.52639702  .00037146  00000+0  82224-3 0  9992
2 48918  97.6513 272.1038 0010946  88.9213 271.3288 15.43646197212188
ISS (NAUKA)             
1 49044U 21066A   25110.80612053  .00018394  00000+0  33215-3 0  9991
2 49044  51.6357 231.2470 0005404  58.1998 301.9517 15.49764499211853
IXPE                    
1 49954U 21121A   25111.58334491  .00008001  00000+0  48903-3 0  9990
2 49954   0.2291 253.0751 0007935 200.6472 264.9800 15.04891210184334
INMARSAT 6-F1           
1 50319U 21128A   25111.12046830 -.00000168  00000+0  00000+0 0  9990
2 50319   0.0148 270.9714 0000274 187.8683 237.7337  1.00270805 12005
ION SCV-004             
1 50993U 22002K   25110.77448049  .00007828  00000+0  31536-3 0  9999
2 50993  97.3406 171.3732 0009607  59.9941 300.2249 15.25079856180805
IRIS-A                  
1 51044U 22002BN  25110.63816869  .00210665  00000+0  12305-2 0  9998
2 51044  97.3279 188.4130 0002498 252.7481 107.3512 15.77789819181966
ICEYE-X14               
1 51070U 22002CQ  25111.52593444  .00065666  00000+0  16577-2 0  9991
2 51070  97.3500 181.1402 0006256 147.4815 212.6818 15.39580237181488
INSPIRESAT 1            
1 51657U 22013B   25111.05959125  .00029262  00000+0  67667-3 0  9993
2 51657  97.4981 139.1199 0008443 140.2102 219.9766 15.42413795176742
ICEYE-X20               
1 52759U 22057AD  25111.52398031  .00071133  00000+0  66944-3 0  9991
2 52759  97.5942 262.2322 0003975  91.0707 269.1008 15.66881157162477
ION SCV-006             
1 52761U 22057AF  25111.39030295  .00015602  00000+0  46997-3 0  9999
2 52761  97.5561 240.0993 0023013 184.4172 175.6871 15.34164138161211
ICEYE-X17               
1 52762U 22057AG  25111.52695029  .00100812  00000+0  12414-2 0  9991
2 52762  97.5817 252.3236 0007311 120.1643 240.0338 15.59859152161854
ICEYE-X21               
1 55049U 23001AS  25111.46947573  .00036975  00000+0  93962-3 0  9995
2 55049  97.3800 177.3192 0018809 150.8989 209.3309 15.39356381127839
ION SCV-008             
1 55051U 23001AU  25110.65905049  .00010046  00000+0  44166-3 0  9993
2 55051  97.5825 196.7974 0018227  59.5013 300.8020 15.21946212126937
ION SCV-007             
1 55060U 23001BD  25111.14978926  .00000916  00000+0  13722-3 0  9991
2 55060  97.9535 176.2629 0011082 256.6539 103.3436 14.76961356123944
ICEYE-X27               
1 55062U 23001BF  25110.65413821  .00064609  00000+0  12171-2 0  9991
2 55062  97.3744 176.3087 0005071 184.4783 175.6422 15.48285397127698
INTELSAT 40E (IS-40E)   
1 56174U 23052A   25110.87154027 -.00000170  00000+0  00000+0 0  9995
2 56174   0.0102 234.7956 0001555 208.6046 348.5492  1.00270514  7581
IMECE                   
1 56178U 23054A   25111.50458962  .00000831  00000+0  16106-3 0  9998
2 56178  98.1509  15.3395 0010952  62.7608 297.4710 14.65834212108637
IT'S ABOUT TIME         
1 56189U 23054M   25111.21135019  .00121870  00000+0  10083-2 0  9997
2 56189  97.3313  18.5201 0007307 115.8121 244.3896 15.69860367113686
ION SCV-010             
1 56192U 23054Q   25111.26194996  .00007132  00000+0  31747-3 0  9990
2 56192  97.4299   1.3452 0014659 236.4807 123.5029 15.21678055111954
IRIDIUM 181             
1 56726U 23068S   25110.75181061  .00000645  00000+0  18568-3 0  9998
2 56726  86.4525 233.2037 0002633 105.8067 254.3425 14.43318717101500
IRIDIUM 177             
1 56727U 23068T   25110.60974457  .00002149  00000+0  27932-3 0  9998
2 56727  86.2009 169.4466 0002447 101.4612 258.6884 14.80229960103851
IRIDIUM 174             
1 56728U 23068U   25111.21685219  .00001747  00000+0  27045-3 0  9990
2 56728  86.6145 170.0852 0001987  94.0641 266.0803 14.72682998103939
IRIDIUM 178             
1 56729U 23068V   25111.20722566  .00002607  00000+0  33959-3 0  9994
2 56729  86.6605 201.5942 0002429  95.0489 265.1009 14.80246634103945
IRIDIUM 179             
1 56730U 23068W   25111.33708926  .00002654  00000+0  34585-3 0  9992
2 56730  86.6841 209.2395 0002100 101.2882 258.8576 14.80237488103966
ICEYE-X30               
1 56947U 23084R   25110.95554361  .00031841  00000+0  81814-3 0  9996
2 56947  97.5548 240.4520 0007963  74.0302 286.1820 15.39203100103194
ICEYE-X23               
1 56949U 23084T   25111.50294720  .00025826  00000+0  57244-3 0  9996
2 56949  97.5532 241.6041 0005782  56.5039 303.6760 15.43725785103314
ION SCV-011             
1 56957U 23084AB  25110.83163126  .00008693  00000+0  37283-3 0  9999
2 56957  98.1029 256.6627 0009032  66.8305 293.3880 15.22979746101400
ICEYE-X26               
1 56961U 23084AF  25111.29807682  .00040782  00000+0  87348-3 0  9999
2 56961  97.5536 242.1437 0000310  22.7028 337.4234 15.44664118103338
ICEYE-X25               
1 56963U 23084AH  25111.53407669  .00028504  00000+0  97126-3 0  9992
2 56963  97.5547 236.2229 0007897  22.9269 337.2323 15.30315792102962
IRIS-C2                 
1 58269U 23174P   25111.52735006  .00129321  00000+0  17113-2 0  9997
2 58269  97.4116 195.2631 0007660 212.8373 147.2408 15.57843000 81022
ICEYE-X31               
1 58288U 23174AJ  25111.54730752  .00018002  00000+0  82372-3 0  9996
2 58288  97.4189 185.9483 0003535  37.5304 322.6177 15.20571381 80411
ICEYE-X34               
1 58294U 23174AQ  25111.18208412  .00023785  00000+0  79079-3 0  9990
2 58294  97.4202 189.9459 0007588 215.0696 145.0046 15.31150011 80642
ION SCV-013             
1 58300U 23174AW  25111.49892824  .00000984  00000+0  15027-3 0  9997
2 58300  97.6800 172.1348 0009622 291.1635  68.8546 14.75861286 78550
IMPULSE-1 MIRA          
1 58301U 23174AX  25110.20325895  .00019436  00000+0  71889-3 0  9995
2 58301  97.5536 185.0647 0094080 176.2189 183.9780 15.23584302 80221
ICEYE-X35               
1 58302U 23174AY  25111.53436217  .00023886  00000+0  89186-3 0  9997
2 58302  97.4158 187.9565 0013621 265.0083  94.9601 15.27294387 80557
ION SCV-015             
1 58469U 23185H   25111.50925091  .00010235  00000+0  39609-3 0  9992
2 58469  97.6055 186.4235 0011927 143.1648 217.0412 15.26328831 76629
INTUITION-1             
1 58565U 23174CW  25111.46082061  .00038672  00000+0  97196-3 0  9993
2 58565  97.4137 191.5600 0009181 207.8699 152.2056 15.39825390 80794
INSAT-3DS               
1 58990U 24033A   25111.47711184 -.00000153  00000+0  00000+0 0  9994
2 58990   0.0778  88.6798 0001710 302.7070  72.2769  1.00271680  4595
ICEYE-X38               
1 59100U 24043C   25111.52383671  .00010005  00000+0  67740-3 0  9995
2 59100  97.7861 242.1571 0003985  90.5583 269.6100 15.06698158 61866
ICEYE-X37               
1 59102U 24043E   25110.81143862  .00006380  00000+0  49980-3 0  9991
2 59102  97.7834 239.2162 0013056 354.6868   5.4215 15.01286486 61619
ICEYE-X36               
1 59103U 24043F   25111.33933327  .00007966  00000+0  61464-3 0  9995
2 59103  97.7862 240.0577 0003093 322.9147  37.1863 15.01847562 61720
IRIS-F1                 
1 59110U 24043N   25110.82103417  .00053325  00000+0  12037-2 0  9996
2 59110  97.4911 242.3431 0006968 299.8169  60.2385 15.43015835 62828
ILLUMA-T                
1 60181U 98067WR  25110.62962271  .00129308  00000+0  52539-3 0  9999
2 60181  51.6272 202.9545 0007046  12.1024 348.0147 15.85289258 46140
ISTSAT-1                
1 60238U 24128D   25111.53432996  .00011890  00000+0  83868-3 0  9991
2 60238  61.9906 248.7264 0046514  46.7412 313.7546 15.04482909 42871
IPERDRONE.0             
1 60520U 24149BE  25111.20379557  .00029288  00000+0  91383-3 0  9996
2 60520  97.4102 190.9852 0003733 351.7394   8.3786 15.33167023 37711
ICEYE-X43               
1 60539U 24149BZ  25111.19663024  .00005881  00000+0  52465-3 0  9990
2 60539  97.7131 188.8563 0003878  55.1106 305.0479 14.96335938 36936
ICEYE-X39               
1 60546U 24149CG  25111.22842789  .00007216  00000+0  64222-3 0  9997
2 60546  97.7137 188.9701 0005622  69.4804 290.7020 14.96349329 36949
ICEYE-X33               
1 60548U 24149CJ  25111.22121232  .00006205  00000+0  53463-3 0  9994
2 60548  97.7164 189.3971 0005934  71.2744 288.9121 14.97672985 36966
ICEYE-X40               
1 60549U 24149CK  25111.20105445  .00002447  00000+0  22268-3 0  9994
2 60549  97.7149 189.0557 0006254  61.8982 298.2871 14.96092034 36946
ION SCV-012             
1 60573U 24149DK  25110.63283127  .00002649  00000+0  25625-3 0  9995
2 60573  97.7164 187.8336 0004754  66.3920 293.7799 14.93604130 36814
IONOSFERA-M 1           
1 61735U 24199A   25111.57588487  .00000117  00000+0  72374-4 0  9994
2 61735  98.7764 342.8160 0000291  18.5007 341.6182 14.22658153 67759
IONOSFERA-M 2           
1 61736U 24199B   25111.54045959  .00000130  00000+0  77962-4 0  9997
2 61736  98.7762 342.6965 0001957  92.2816 267.8586 14.22658939 70872
ICEYE-X49               
1 62384U 24247H   25110.94587547  .00006958  00000+0  46771-3 0  9995
2 62384  44.9973  81.7516 0002163  98.8864 261.2256 15.07405102 18349
ICEYE-X47               
1 62389U 24247N   25110.88065782  .00006262  00000+0  42238-3 0  9997
2 62389  44.9957  82.0881 0002312  81.9953 278.1184 15.07422106 18332
INNOCUBE (TUSAT-31)     
1 62616U 25009H   25110.64804928  .00010960  00000+0  52808-3 0  9998
2 62616  97.4225 191.5516 0007094  28.6035 331.5588 15.18881443 14522
IRIS-F3                 
1 62619U 25009L   25110.64643946  .00007373  00000+0  35976-3 0  9993
2 62619  97.4356 191.7117 0007027  15.7907 344.3545 15.18565614 14535
ION SCV-016             
1 62628U 25009V   25110.41149044  .00004756  00000+0  10914-3 0  9995
2 62628  97.4901 191.7473 0399406 347.3331  11.8072 14.88561098 14489
ION SCV-014             
1 62630U 25009X   25110.64932345  .00003279  00000+0  24640-3 0  9997
2 62630  97.5200 190.9821 0005788 130.8499 229.3229 15.03252225 14465
IMPULSE-2 MIRA          
1 62673U 25009BS  25110.79167042  .00005474  00000+0  27326-3 0  9997
2 62673  97.1983 189.4891 0004430 315.2450  44.8427 15.17873919 72193
IRIS-F2                 
1 62684U 25009CD  25110.64238520  .00007310  00000+0  35540-3 0  9991
2 62684  97.4215 191.5357 0006858  36.2625 323.9073 15.18694025 72173
IRIDE-MS2-HEO-1         
1 62697U 25009CS  25110.88141056  .00003504  00000+0  34810-3 0  9998
2 62697  97.7361 191.7642 0002004  31.3647 328.7691 14.92346248 14313
ICEYE-X42               
1 62698U 25009CT  25110.66675863  .00008125  00000+0  79870-3 0  9992
2 62698  97.7364 191.5802 0001696  38.6068 321.5272 14.92387371 14280
ICEYE-X41               
1 62700U 25009CV  25110.65419262  .00005581  00000+0  54080-3 0  9993
2 62700  97.7373 191.6059 0001790  46.0600 314.0767 14.93097771 14288
ICEYE-X45               
1 62705U 25009DA  25110.91668981 -.00037042  00000+0 -32190-2 0  9997
2 62705  97.7368 191.9561 0001984 128.0841  47.1550 14.97166043 14345
ICEYE-X44               
1 62707U 25009DC  25110.56548596  .00002713  00000+0  26621-3 0  9997
2 62707  97.7361 191.5590 0002698  97.7134 262.4392 14.93021696 36821
IOD-1                   
1 63212U 25052C   25110.23144177  .00046770  00000+0  21407-2 0  9995
2 63212  97.4325   4.9704 0004655 139.5254 220.6328 15.20342744  5605
ION SCV-017             
1 63230U 25052W   25111.19334146  .00005851  00000+0  29878-3 0  9994
2 63230  97.4368   5.8485 0004197 177.5553 182.5702 15.17072370  5741
ICEYE-X48               
1 63253U 25052AV  25111.20909856  .00004289  00000+0  42696-3 0  9994
2 63253  97.7326   5.6805 0002704 145.0902 215.0495 14.92141021  5638
ICEYE-X50               
1 63255U 25052AX  25111.53775174  .00003821  00000+0  37176-3 0  9994
2 63255  97.7348   6.0245 0002658 136.5418 223.6011 14.93124575  5682
ICEYE-X51               
1 63257U 25052AZ  25111.53242551  .00006705  00000+0  65550-3 0  9995
2 63257  97.7324   6.0230 0001601  95.9956 264.1446 14.92669323  5680
ICEYE-X46               
1 63258U 25052BA  25111.19629371  .00005376  00000+0  52680-3 0  9990
2 63258  97.7343   5.7013 0002196  90.2979 269.8492 14.92667177  5644
