NAVSTAR 43 (USA 132)    
1 24876U 97035A   25111.40186768  .00000085  00000+0  00000+0 0  9992
2 24876  55.7852 115.0744 0088677  53.6980 307.1487  2.00562556203297
NOAA 15                 
1 25338U 98030A   25111.51798588  .00000365  00000+0  16787-3 0  9997
2 25338  98.5398 137.8205 0011151 138.4932 221.7097 14.26947088401406
NAVSTAR 46 (USA 145)    
1 25933U 99055A   25111.21266582 -.00000032  00000+0  00000+0 0  9996
2 25933  51.8355 313.8721 0115257 160.8822 353.2562  2.00559347187102
NAVSTAR 47 (USA 150)    
1 26360U 00025A   25110.79063334 -.00000060  00000+0  00000+0 0  9993
2 26360  54.8979  36.3815 0037076 232.4901 135.6370  2.00554541182801
NAVSTAR 48 (USA 151)    
1 26407U 00040A   25110.74269468  .00000002  00000+0  00000+0 0  9998
2 26407  54.9565 231.9482 0133676 298.5581 234.1107  2.00564955181473
NSS-11                  
1 26554U 00059A   25111.53725484  .00000029  00000+0  00000+0 0  9993
2 26554   1.0337  86.3594 0003090 299.9086 193.0029  1.00270538 89948
NAVSTAR 49 (USA 154)    
1 26605U 00071A   25110.57883698  .00000075  00000+0  00000+0 0  9990
2 26605  55.3993 111.6563 0164932 262.7374  80.7780  2.00559595179034
NIMIQ 2                 
1 27632U 02062A   25111.43914510 -.00000060  00000+0  00000+0 0  9992
2 27632   8.4642  61.2189 0006104 328.4703 228.9817  1.00272083 81639
NAVSTAR 51 (USA 166)    
1 27663U 03005A   25110.39523894  .00000004  00000+0  00000+0 0  9996
2 27663  54.9920 231.7722 0143098  50.0655  11.4988  2.00557408162837
NAVSTAR 54 (USA 177)    
1 28190U 04009A   25110.53708574  .00000000  00000+0  00000+0 0  9999
2 28190  55.1886 292.7242 0103387 158.6237 161.8556  2.00569118154461
NAVSTAR 55 (USA 178)    
1 28361U 04023A   25110.50140539  .00000066  00000+0  00000+0 0  9995
2 28361  54.5877 103.8103 0156180 289.8481 180.3347  2.00561731152565
NAVSTAR 56 (USA 180)    
1 28474U 04045A   25110.75577288 -.00000063  00000+0  00000+0 0  9994
2 28474  55.3430 341.8832 0166500 302.2948 237.6637  2.00558872149951
NANOSAT-1               
1 28493U 04049B   25111.21333534  .00002594  00000+0  36036-3 0  9997
2 28493  98.1716 234.4598 0003786 191.9281 168.1840 14.78768345 93081
NSS-10                  
1 28526U 05003A   25111.16783603 -.00000244  00000+0  00000+0 0  9994
2 28526   5.3921  75.5359 0003156 312.6542 204.2798  1.00271520 74086
NOAA 18                 
1 28654U 05018A   25111.50003103  .00000362  00000+0  21548-3 0  9994
2 28654  98.8425 191.5269 0013060 267.8989  92.0688 14.13580563 26811
NAVSTAR 57 (USA 183)    
1 28874U 05038A   25111.29399995  .00000001  00000+0  00000+0 0  9999
2 28874  55.2328 290.1655 0132655 289.8919 242.8657  2.00564260143368
NAVSTAR 58 (USA 190)    
1 29486U 06042A   25110.75999527  .00000039  00000+0  00000+0 0  9993
2 29486  54.6798 168.0986 0103959  45.6857   2.0096  2.00566009136072
NAVSTAR 59 (USA 192)    
1 29601U 06052A   25110.62349482  .00000002  00000+0  00000+0 0  9998
2 29601  55.0321 230.7641 0086776  85.8039 275.1837  2.00559830134931
NAVSTAR 60 (USA 196)    
1 32260U 07047A   25110.43511444  .00000056  00000+0  00000+0 0  9995
2 32260  53.7924  97.5246 0159160  80.5864 281.2145  2.00575455128334
NAVSTAR 61 (USA 199)    
1 32384U 07062A   25110.00224356  .00000001  00000+0  00000+0 0  9995
2 32384  55.3805 291.1268 0030759 154.4252  23.7275  2.00564598127021
NAVSTAR 62 (USA 201)    
1 32711U 08012A   25110.34505896  .00000039  00000+0  00000+0 0  9994
2 32711  54.4577 166.8047 0197372 242.4986 115.5533  2.00556901125272
NIMIQ 4                 
1 33373U 08044A   25111.16225476 -.00000217  00000+0  00000+0 0  9997
2 33373   0.0176 263.0947 0002319 112.9911 169.8034  1.00273152 60609
NOAA 19                 
1 33591U 09005A   25111.49850180  .00000336  00000+0  20275-3 0  9990
2 33591  99.0006 175.9203 0014597 139.8245 220.4009 14.13345286835170
NSS-9                   
1 33749U 09008A   25110.85451172  .00000076  00000+0  00000+0 0  9996
2 33749   0.1686  80.5660 0002347 313.2016 306.1161  1.00270460 59288
NAVSTAR 63 (USA 203)    
1 34661U 09014A   25110.00207554  .00000005  00000+0  00000+0 0  9999
2 34661  54.5781 227.6298 0137875  60.1668 120.5950  2.00565351117790
NANOSAT 1B              
1 35685U 09041E   25111.26611276  .00003412  00000+0  34205-3 0  9998
2 35685  98.0878 213.1586 0052677 112.0058 248.6767 14.91019742851562
NAVSTAR 64 (USA 206)    
1 35752U 09043A   25110.48413765 -.00000045  00000+0  00000+0 0  9993
2 35752  55.9222  44.1021 0054833  75.4499  35.2848  2.00550881114883
NIMIQ 5                 
1 35873U 09050A   25111.47652406 -.00000253  00000+0  00000+0 0  9993
2 35873   0.0558  79.7610 0002936 323.8484 265.0335  1.00271174 57108
NSS-12                  
1 36032U 09058A   25110.91100426  .00000075  00000+0  00000+0 0  9998
2 36032   0.0693  70.9922 0003745 315.2919 207.9166  1.00272406 56680
NAVSTAR 65 (USA 213)    
1 36585U 10022A   25110.16852530  .00000003  00000+0  00000+0 0  9992
2 36585  54.3533 225.6101 0121170  63.9546 301.1136  2.00566941109114
NILESAT 201             
1 36830U 10037A   25111.17383078 -.00000053  00000+0  00000+0 0  9995
2 36830   0.0394 114.9875 0003632 304.7442 205.3833  1.00272860 54055
NAVSTAR 66 (USA 232)    
1 37753U 11036A   25111.57469141 -.00000066  00000+0  00000+0 0  9994
2 37753  56.7195 348.4006 0135083  59.2825 308.1369  2.00566876100816
NIGERIASAT-2            
1 37789U 11044B   25111.52854781  .00001206  00000+0  20800-3 0  9995
2 37789  97.8343  99.1919 0031172  33.5295  80.2586 14.69927676730128
NIGERIASAT-X            
1 37790U 11044C   25111.48952688  .00000843  00000+0  18309-3 0  9994
2 37790  97.8265 113.1380 0011398 218.6259 141.4128 14.60386011728803
NIGCOMSAT 1R            
1 38014U 11077A   25110.93378243  .00000149  00000+0  00000+0 0  9992
2 38014   0.0629  65.9512 0001040   1.9756 159.9752  1.00271489 48727
NIMIQ 6                 
1 38342U 12026A   25110.87154027 -.00000169  00000+0  00000+0 0  9999
2 38342   0.0478  68.4891 0002944 323.4395  39.9273  1.00271286 46173
NUSTAR                  
1 38358U 12031A   25110.91668981  .00013115  00000+0  88179-3 0  9997
2 38358   6.0273 307.7748 0009049 325.6037 234.9008 15.03184698700560
NAVSTAR 67 (USA 239)    
1 38833U 12053A   25110.52636537  .00000045  00000+0  00000+0 0  9999
2 38833  53.5309 160.9050 0163891  60.1376 301.5558  2.00562263 90961
NEOSSAT                 
1 39089U 13009D   25111.08392091  .00000365  00000+0  14129-3 0  9997
2 39089  98.4077 296.4976 0012151  67.6144 292.6328 14.35581653636184
NEE-01 PEGASO           
1 39151U 13018B   25111.31459930  .00005660  00000+0  58506-3 0  9999
2 39151  98.0651 239.0946 0014842 111.6005 248.6795 14.90454118647809
NAVSTAR 68 (USA 242)    
1 39166U 13023A   25109.89055517  .00000004  00000+0  00000+0 0  9993
2 39166  54.8494 286.1813 0133328  47.4937 313.6182  2.00561498 87390
NEE-02 KRYSAOR          
1 39441U 13066AB  25110.76514212  .00005342  00000+0  62022-3 0  9992
2 39441  97.8520  49.8802 0069966  14.5877 345.7335 14.84038707613498
NAVSTAR 69 (USA 248)    
1 39533U 14008A   25110.88739483  .00000041  00000+0  00000+0 0  9998
2 39533  53.6091 166.5365 0077829 224.4086 135.0366  2.00560064 81219
NAVSTAR 70 (USA 251)    
1 39741U 14026A   25110.67096412 -.00000068  00000+0  00000+0 0  9994
2 39741  56.6606 347.9454 0035883 320.0455  39.7388  2.00578261 80060
NANOSATC-BR1            
1 40024U 14033Q   25110.95974215  .00016429  00000+0  83729-3 0  9995
2 40024  98.0918 105.4933 0004503 174.3752 185.7530 15.16851358589681
NAVSTAR 71 (USA 256)    
1 40105U 14045A   25110.25661541  .00000067  00000+0  00000+0 0  9994
2 40105  55.0868 105.3368 0028010 117.3767 242.9230  2.00557202 77596
NAVSTAR 72 (USA 258)    
1 40294U 14068A   25111.12211652 -.00000038  00000+0  00000+0 0  9998
2 40294  56.6793  47.2620 0058229  64.2894 296.3060  2.00579403 76725
NAVSTAR 73 (USA 260)    
1 40534U 15013A   25110.27154312  .00000001  00000+0  00000+0 0  9999
2 40534  53.2506 221.6765 0098414  35.0685 325.5840  2.00576758 73345
NAVSTAR 74 (USA 262)    
1 40730U 15033A   25109.93299134  .00000003  00000+0  00000+0 0  9994
2 40730  54.3295 284.5018 0104845  24.6743 335.8140  2.00550987 71503
NAVSTAR 75 (USA 265)    
1 41019U 15062A   25109.98671774 -.00000039  00000+0  00000+0 0  9996
2 41019  56.6555  47.1622 0102860 228.6482 130.4613  2.00566785 69349
NAVSTAR 76 (USA 266)    
1 41328U 16007A   25109.57252360  .00000062  00000+0  00000+0 0  9995
2 41328  55.2715 106.2734 0087707 242.3832 116.7372  2.00572523 67344
NUSAT-3 (MILANESAT)     
1 42760U 17034C   25111.55172823  .00183545  00000+0  12563-2 0  9991
2 42760  42.9956 220.7681 0023016 345.3946  14.6255 15.73081252435322
NORSAT 1                
1 42826U 17042B   25111.44514221  .00010763  00000+0  71841-3 0  9999
2 42826  97.4145 286.6455 0009290  98.4674 261.7608 15.07163271423561
NORSAT 2                
1 42828U 17042D   25110.93098955  .00012020  00000+0  70981-3 0  9997
2 42828  97.3848 290.0791 0013035  84.1286 276.1430 15.11585446423747
NANOACE                 
1 42844U 17042V   25110.92326910  .00014163  00000+0  79975-3 0  9991
2 42844  97.3572 291.1813 0005918  63.7526 296.4314 15.13217381423992
NOAA 20 (JPSS-1)        
1 43013U 17073A   25111.49950960  .00000183  00000+0  10740-3 0  9997
2 43013  98.7386  50.7153 0002234  78.2441 281.8985 14.19528191384649
NOVASAR 1               
1 43619U 18071B   25111.51771045  .00000518  00000+0  50852-4 0  9997
2 43619  97.5658 354.5650 0003080 104.7600 255.3964 14.96222335359886
NEXTSAT-1               
1 43811U 18099BF  25111.19186812  .00004723  00000+0  33187-3 0  9990
2 43811  97.4640 163.0455 0012238 350.5012   9.5981 15.05516738348328
NAVSTAR 77 (USA 289)    
1 43873U 18109A   25111.20883644  .00000079  00000+0  00000+0 0  9993
2 43873  55.4373 108.8509 0033319 197.9603 157.0123  2.00567959 46562
NUSANTARA SATU          
1 44048U 19009A   25110.90669803 -.00000230  00000+0  00000+0 0  9993
2 44048   0.0315 138.8345 0003148 315.1469 227.6766  1.00271153 22536
NPSAT1                  
1 44340U 19036B   25111.11069564  .00009629  00000+0  15715-2 0  9992
2 44340  23.9988  74.3244 0008838 139.8471 220.2678 14.68892279310300
NAVSTAR 78 (USA 293)    
1 44506U 19056A   25109.73305500 -.00000072  00000+0  00000+0 0  9998
2 44506  55.7968 347.9501 0050102 193.2008  77.4103  2.00561491 41578
NINGXIA-1 1             
1 44779U 19076A   25111.53259180 -.00000004  00000+0  82045-4 0  9994
2 44779  45.0067 263.9793 0010967 318.9841  41.0168 14.01914530278680
NINGXIA-1 2             
1 44780U 19076B   25111.52003344  .00000029  00000+0  10339-3 0  9996
2 44780  45.0094 264.3219 0006932 309.1094  50.9124 14.01932837278680
NINGXIA-1 3             
1 44781U 19076C   25111.50643310  .00000029  00000+0  10362-3 0  9994
2 44781  45.0007 262.8848 0009959 307.6242  52.3687 14.01903441278685
NINGXIA-1 4             
1 44782U 19076D   25111.49109515  .00000047  00000+0  11513-3 0  9996
2 44782  45.0092 264.1010 0013050 286.8274  73.1128 14.01945431278682
NINGXIA-1 5             
1 44783U 19076E   25111.54681175  .00000014  00000+0  93949-4 0  9998
2 44783  45.0066 263.2776 0011078 307.0599  52.9222 14.01938938278692
NAVSTAR 79 (USA 304)    
1 45854U 20041A   25110.19003002 -.00000042  00000+0  00000+0 0  9992
2 45854  56.3739  45.4034 0051797 199.6254 344.0178  2.00567708 35556
NEMO-HD                 
1 46277U 20061F   25111.46885290  .00013324  00000+0  39351-3 0  9993
2 46277  97.2488 174.0551 0002902 111.8582 248.2971 15.35074104257094
NAPA-1                  
1 46320U 20061BA  25111.49669239  .00032078  00000+0  83676-3 0  9994
2 46320  97.3043 176.7983 0002851 128.5973 231.5529 15.38763056256436
NORBI                   
1 46494U 20068J   25110.88194471  .00018209  00000+0  62337-3 0  9997
2 46494  97.8540  91.5890 0009143 338.4159  21.6694 15.30254887251283
NETSAT-4                
1 46504U 20068U   25110.43592486  .00023931  00000+0  85661-3 0  9991
2 46504  97.8432  85.5002 0008895  35.9796 324.2040 15.28741222250885
NETSAT-3                
1 46505U 20068V   25111.49522014  .00021573  00000+0  80349-3 0  9997
2 46505  97.8425  85.6708 0008648  41.6653 318.5242 15.27457298251016
NETSAT-1                
1 46506U 20068W   25110.87423193  .00013715  00000+0  58457-3 0  9991
2 46506  97.8455  83.1932 0008582  54.1056 306.0975 15.23043752250796
NETSAT-2                
1 46507U 20068X   25110.87214874  .00019280  00000+0  69833-3 0  9999
2 46507  97.8430  85.4771 0007815  58.7589 301.4414 15.28409237250892
NAVSTAR 80 (USA 309)    
1 46826U 20078A   25111.01320189 -.00000002  00000+0  00000+0 0  9998
2 46826  54.0765 227.9059 0057332 200.1379 187.8650  2.00558328 33038
NORSAT 3                
1 48272U 21034E   25111.47710768  .00007839  00000+0  62693-3 0  9998
2 48272  97.6129 173.7227 0002440 264.0722  96.0223 15.00473946216506
NAVSTAR 81 (USA 319)    
1 48859U 21054A   25100.49632350 -.00000102  00000+0  00000+0 0  9998
2 48859  55.3298 349.8286 0018626 229.2921 314.6706  2.00568226 28073
NAPA-2                  
1 48963U 21059CN  25111.48447291  .00039115  00000+0  85505-3 0  9990
2 48963  97.6741 270.8090 0006875  75.3410 284.8599 15.44045873212043
NINGXIA-1 6             
1 49018U 21064A   25111.51798962  .00000105  00000+0  13744-3 0  9999
2 49018  45.0020 331.9457 0007979   9.5802 350.5186 14.08442417194785
NINGXIA-1 7             
1 49019U 21064B   25111.57529718  .00000108  00000+0  13868-3 0  9997
2 49019  45.0047 331.8372 0007184  16.9265 343.1810 14.08477511194801
NINGXIA-1 8             
1 49020U 21064C   25111.49126873  .00000095  00000+0  13169-3 0  9994
2 49020  44.9966 331.1925 0007719  23.7705 336.3487 14.08428241194795
NINGXIA-1 9             
1 49021U 21064D   25111.54577969  .00000070  00000+0  11689-3 0  9995
2 49021  45.0045 331.6274 0008077  33.2860 326.8483 14.08446799194804
NINGXIA-1 10            
1 49022U 21064E   25111.53244188  .00000082  00000+0  12404-3 0  9998
2 49022  45.0016 331.2427 0007973  39.8042 320.3379 14.08434249194807
NUSAT-25 (MARIA TELKES) 
1 52171U 22033Q   25111.49275992  .00052308  00000+0  10267-2 0  9998
2 52171  97.2588 194.2944 0003325 147.4276 212.7179 15.47159157170770
NUSAT-26 (M SOMERVILLE) 
1 52184U 22033AD  25110.88096626  .00018858  00000+0  63330-3 0  9991
2 52184  97.2707 192.1333 0006955 322.1740  37.9011 15.30875202 39950
NUSAT-28 (ALICE LEE)    
1 52747U 22057R   25111.52626837  .00045384  00000+0  10764-2 0  9993
2 52747  97.4847 239.4873 0006239  74.2952 285.8982 15.41573720161893
NUSAT-31 (RUBY PAYNE-S) 
1 52752U 22057W   25111.51532776  .00050181  00000+0  10630-2 0  9999
2 52752  97.6222 253.0757 0004910 127.9114 232.2578 15.44930449161830
NUSAT-29 (EDITH CLARKE) 
1 52764U 22057AJ  25111.52128699  .00064491  00000+0  12031-2 0  9994
2 52764  97.4836 241.2710 0003590   6.3677 353.7618 15.48572989162095
NILESAT 301             
1 52817U 22061A   25111.46086427 -.00000054  00000+0  00000+0 0  9999
2 52817   0.0557  31.4924 0006262 348.2039 349.0059  1.00271368 10504
NEUSAR                  
1 52937U 22072C   25106.20041333  .00305043  00000+0  42739-2 0  9990
2 52937   9.9789  29.0419 0005080 264.1792  95.7847 15.54331546154679
NOAA 21 (JPSS-2)        
1 54234U 22150A   25111.18335680  .00000193  00000+0  11240-3 0  9995
2 54234  98.7241  50.7803 0001470   8.9368 351.1834 14.19580181126675
NUSAT-34 (AMELIA EARHA*)
1 55045U 23001AN  25111.47182682  .00020821  00000+0  75113-3 0  9995
2 55045  97.3716 175.2253 0009607 138.6244 221.5725 15.28499897127881
NUSAT-33 (ALBANIA-2)    
1 55047U 23001AQ  25111.52006952  .00021477  00000+0  77188-3 0  9990
2 55047  97.3494 174.5585 0009987 111.7352 248.4951 15.28612593127945
NUSAT-35 (WILLIAMINA)   
1 55048U 23001AR  25111.50391114  .00020297  00000+0  71511-3 0  9999
2 55048  97.2472 170.7811 0003880 108.8815 251.2847 15.29313927127900
NUSAT-32 (ALBANIA-1)    
1 55064U 23001BH  25111.51263695  .00048005  00000+0  98948-3 0  9990
2 55064  97.2393 173.1172 0008613 123.0897 237.1180 15.45717763128486
NAVSTAR 82 (USA 343)    
1 55268U 23009A   25110.15654883  .00000041  00000+0  00000+0 0  9992
2 55268  55.0893 165.1315 0002755 328.7809  28.0137  2.00572568 16751
NORSAT-TD               
1 56194U 23054S   25111.56865508  .00242123  23687-4  76510-3 0  9998
2 56194  97.3196  21.0350 0008518 135.5459 224.6500 15.91222124113909
NUSAT-39 (TIKVAH ALPER) 
1 56201U 23054Z   25111.50322130  .00045581  00000+0  97200-3 0  9997
2 56201  97.3344  15.0558 0009126 123.9505 236.2613 15.44724439113509
NUSAT-38 (MARIA AGNESI) 
1 56202U 23054AA  25111.53817786  .00046332  00000+0  10248-2 0  9998
2 56202  97.3338  15.2763 0016748 140.9351 219.3110 15.43531153113512
NUSAT-37 (JOAN CLARKE)  
1 56203U 23054AB  25111.55642352  .00044324  00000+0  96838-3 0  9995
2 56203  97.2973  12.4379 0008097 106.6311 253.5827 15.44022692113544
NEXTSAT-2               
1 56743U 23072A   25111.50293505  .00010995  00000+0  50469-3 0  9998
2 56743  97.5403 301.4460 0007952  67.8792 292.3287 15.20559646105366
NVS-01 (IRNSS-1J)       
1 56759U 23076A   25110.91532797 -.00000336  00000+0  00000+0 0  9993
2 56759   3.2107 258.7482 0005626  42.5196   7.0517  1.00271211  6886
NUSAT-40 (C SHOEMAKER)  
1 56943U 23084M   25111.50889203  .00032908  00000+0  90765-3 0  9990
2 56943  97.4445 236.9663 0005554 357.6134   2.5083 15.37022122103439
NUSAT-41 (C PAYNE-G)    
1 56944U 23084N   25111.56895351  .00024640  00000+0  82313-3 0  9992
2 56944  97.5009 237.9717 0007206  25.5455 334.6141 15.30992201103320
NUSAT-42 (M WONENBURGER)
1 56966U 23084AL  25111.52829970  .00025067  00000+0  83246-3 0  9996
2 56966  97.5200 240.3150 0007978 321.1988  38.8679 15.31174135103360
NUSAT-43 (R DIENG-KUNTZ)
1 56968U 23084AN  25111.54045807  .00037862  00000+0  91667-3 0  9991
2 56968  97.4113 237.5230 0006708 321.4657  38.6110 15.40988053103570
NUSANTARA TIGA (SATRIA) 
1 57045U 23086A   25110.90669803 -.00000231  00000+0  00000+0 0  9995
2 57045   0.0426 314.8567 0005053  21.8957 344.8931  1.00269853  6815
NANOZOND 1 (RS49S)      
1 57190U 23091AA  25111.47801561  .00039058  00000+0  12311-2 0  9993
2 57190  97.5596 173.8084 0008853 120.1707 240.0413 15.32750089100485
NESS                    
1 58020U 23155E   25110.68803001  .00018482  00000+0  96131-3 0  9991
2 58020  97.6233 186.2752 0007756 222.7823 137.2807 15.16079943 84206
NINJASAT                
1 58341U 23174CP  25111.51891922  .00109485  00000+0  16154-2 0  9990
2 58341  97.4178 195.6859 0007177 177.7667 182.3620 15.54965258 81062
NANOFF B                
1 58755U 23185S   25111.42604768  .00004887  00000+0  31844-3 0  9995
2 58755  97.5753 179.6552 0011975 315.8518  44.1754 15.08325330 70212
NANOFF A                
1 58810U 23185T   25111.42597158  .00005514  00000+0  35894-3 0  9998
2 58810  97.5753 179.6356 0009468 315.9270  44.1202 15.08322780 69386
NEXSAT-1                
1 58921U 24024E   25111.48607821  .00011483  00000+0  43872-3 0  9996
2 58921  97.3474 186.2118 0010165 167.0632 193.0869 15.26732487 67415
NUSAT-44 (MARIA MITCHE*)
1 59122U 24043AA  25111.48582969  .00021640  00000+0  75678-3 0  9991
2 59122  97.5037 241.8567 0008137 280.1819  79.8503 15.29524983 62810
NEONSAT-1               
1 59587U 24077A   25111.49221760  .00015251  00000+0  55846-3 0  9999
2 59587  97.3794 192.3257 0012966  98.0333 262.2379 15.28038255 55138
NUSAT-50 (NANCY ROMAN)  
1 60493U 24149AB  25110.81949373  .00014027  00000+0  53674-3 0  9996
2 60493  97.4108 189.4242 0003353 346.5386  13.5763 15.26677261 37572
NUSAT-48 (HENRIETTA LE*)
1 60498U 24149AG  25111.20421067  .00014439  00000+0  55243-3 0  9991
2 60498  97.4077 189.7201 0004218 355.2204   4.8994 15.26672697 37631
NUSAT-49 (KLARA DAN VO*)
1 60500U 24149AJ  25110.67819182  .00014831  00000+0  56841-3 0  9995
2 60500  97.4102 189.2956 0003260 354.9535   5.1671 15.26611582 37558
NIGHTJAR                
1 60535U 24149BV  25111.17487435  .00006116  00000+0  55546-3 0  9999
2 60535  97.7212 188.8064 0002385  92.0816 268.0678 14.95625980 79729
NOKHCHO                 
1 61767U 24199AJ  25111.58351480  .00053872  00000+0  13671-2 0  9990
2 61767  97.3614 341.5053 0009344 359.9520   0.1723 15.39450591 69508
NAVSTAR 83 (USA 440)    
1 62339U 24242A   25111.29766937 -.00000072  00000+0  00000+0 0  9994
2 62339  54.9833 351.2665 0005046 342.4724 198.6552  2.00557593  2785
NUVIEW ALPHA            
1 62455U 24252B   25108.86250000 -.00000318  00000+0  00000+0 0  9995
2 62455   3.1153 332.5271 5459798 214.2220 111.8519  0.81115331  1088
NUVIEW BRAVO            
1 62457U 24252D   25108.86458333 -.00000289  00000+0  00000+0 0  9993
2 62457   2.0385 331.4779 4908811 215.3277 241.1107  0.78514689  1078
NORSAT 4                
1 62702U 25009CX  25110.79916468  .00003245  00000+0  32006-3 0  9999
2 62702  97.7355 191.7089 0002197  47.6062 312.5343 14.92680873 14301
NVS-02 (IRNSS-1K)       
1 62850U 25020A   25109.71820005  .00003006  10293-5  26630-3 0  9999
2 62850  21.0667  53.3581 7389627 231.3963  36.3370  2.17462017  1765
NUSHSAT1                
1 63211U 25052B   25111.22363373  .00018588  00000+0  88026-3 0  9992
2 63211  97.4462   5.9969 0006201 123.3800 236.8028 15.19365575  5754
