TEMPSAT 1               
1 01512U 65065E   25110.73702233  .00000058  00000+0  98768-4 0  9991
2 01512  89.9781 213.0522 0069290 356.6095 157.7030 13.33561718903742
TDRS 3                  
1 19548U 88091B   25111.22537441 -.00000294  00000+0  00000+0 0  9995
2 19548  12.9252 343.8082 0038720 346.8901 270.9005  1.00279854121136
TDRS 5                  
1 21639U 91054B   25111.44281993  .00000098  00000+0  00000+0 0  9995
2 21639  14.1226 356.8721 0003585  29.8479 202.2638  0.99954918123486
TDRS 6                  
1 22314U 93003B   25110.07683595 -.00000288  00000+0  00000+0 0  9996
2 22314  14.1730   0.1750 0007322 168.6460  21.3951  1.00273922118162
TDRS 7                  
1 23613U 95035B   25110.95788933 -.00000196  00000+0  00000+0 0  9993
2 23613  13.5535 351.0957 0027980  70.2200 217.5498  1.00276801108916
TECHSAT 1B (GO-32)      
1 25397U 98043D   25111.51759891  .00000225  00000+0  11768-3 0  9999
2 25397  98.9676  89.6220 0001582  34.1517 325.9762 14.24298646391527
TERRA                   
1 25994U 99068A   25111.52816322  .00000955  00000+0  20538-3 0  9999
2 25994  98.0026 171.4054 0003645 110.3633  26.3763 14.60637998348165
TDRS 8                  
1 26388U 00034A   25111.55644891  .00000102  00000+0  00000+0 0  9997
2 26388  12.0272  34.7755 0004952 269.3278 298.5479  1.00266555 90947
TIMED                   
1 26998U 01055B   25111.16416706  .00002686  00000+0  25689-3 0  9990
2 26998  74.0718   3.7621 0002097 270.2656  89.8288 14.93782140267915
TDRS 10                 
1 27566U 02055A   25111.62153150 -.00000160  00000+0  00000+0 0  9997
2 27566   9.7371  48.1687 0007752 285.5391 357.0143  1.00673311 81995
THURAYA-2               
1 27825U 03026A   25110.91711196  .00000133  00000+0  00000+0 0  9994
2 27825   8.1794  33.5048 0008146 338.2990 211.5760  1.00272389 80115
THAICOM 4               
1 28786U 05028A   25110.91332972 -.00000358  00000+0  00000+0 0  9996
2 28786   0.0172 220.1772 0002406 192.6430 244.7551  1.00270739 48011
THEMIS A                
1 30580U 07004A   25109.71534628 -.00000083  00000+0  00000+0 0  9990
2 30580   4.9867 228.2998 8453153  31.3889 358.1508  0.87837867 37557
THEMIS D                
1 30797U 07004D   25110.81605788 -.00000045  00000+0  00000+0 0  9997
2 30797   0.7804 152.9951 8420372 110.9074 335.0844  0.87835901 61787
THEMIS E                
1 30798U 07004E   25110.74777990 -.00000062  00000+0  00000+0 0  9994
2 30798   2.5248 269.4958 8413272 355.1956 326.1867  0.87836913 62190
TERRASAR-X              
1 31698U 07026A   25111.43715892  .00002380  00000+0  11650-3 0  9999
2 31698  97.4447 120.1677 0001782  83.0682 277.0755 15.19150352989857
THURAYA-3               
1 32404U 08001A   25110.95244088 -.00000295  00000+0  00000+0 0  9996
2 32404   5.3049  34.4983 0001940   5.2801 250.8838  1.00271382 63295
THOR 5                  
1 32487U 08006A   25111.46086427 -.00000006  00000+0  00000+0 0  9990
2 32487   0.0102 219.2348 0002558 179.8631 335.8437  1.00271587 62959
TURKSAT 3A              
1 33056U 08030B   25110.93933734  .00000150  00000+0  00000+0 0  9992
2 33056   0.0607  75.8501 0005325 331.4010 182.1622  1.00270150 48128
THEOS                   
1 33396U 08049A   25111.49164273  .00000147  00000+0  88910-4 0  9992
2 33396  98.6130 176.0901 0001261  88.3113 271.8208 14.20095189858133
TELSTAR 11N             
1 34111U 09009A   25111.45339350 -.00000247  00000+0  00000+0 0  9992
2 34111   0.0146 219.2324 0002295 165.3526 310.8635  1.00269098 59197
TERRESTAR-1             
1 35496U 09035A   25110.86745690 -.00000049  00000+0  00000+0 0  9990
2 35496   4.8713  48.5234 0002572 334.9066  27.0405  1.00271405 57904
THOR 6                  
1 36033U 09058B   25111.46086427 -.00000006  00000+0  00000+0 0  9999
2 36033   0.0333  99.0393 0001853 289.0185 346.7650  1.00272438 56749
TANDEM-X                
1 36605U 10030A   25111.43715869  .00003437  00000+0  16677-3 0  9993
2 36605  97.4455 120.1685 0001900  92.3643 267.7809 15.19151102822609
TISAT 1                 
1 36799U 10035E   25110.69294259  .00019146  00000+0  10221-2 0  9996
2 36799  98.0604  21.6888 0001146 271.7424  88.3675 15.15183703803412
TELSTAR 14R             
1 37602U 11021A   25111.23702075 -.00000276  00000+0  00000+0 0  9993
2 37602   0.0098 203.4494 0003253 190.2000 198.2408  1.00270632 51557
TACSAT 4                
1 37818U 11052A   25109.10013157  .00005290  00000+0  14454-2 0  9996
2 37818  62.8309  50.0693 4671555 270.2206  38.4096  6.12078319298750
TIANHUI 1-02            
1 38256U 12020A   25111.55299651  .00043456  00000+0  53252-3 0  9992
2 38256  97.6204 288.0338 0008727 170.4039 189.7385 15.60196722722005
TDRS 11                 
1 39070U 13004A   25111.50209657  .00000086  00000+0  00000+0 0  9993
2 39070   2.9809  21.7618 0005061  25.9509 168.7301  1.00279729 44759
TRITON-1                
1 39427U 13066M   25111.48583818  .00004511  00000+0  57645-3 0  9996
2 39427  97.8380  26.5130 0095392 164.7764 195.6354 14.78702996611893
TACSAT 6                
1 39473U 13072M   25110.90435083  .00022472  00000+0  79492-3 0  9990
2 39473 120.4782 255.2702 0130131 304.1299  54.7491 15.21514721 54392
TKSAT-1 (TUPAC KATARI)  
1 39481U 13075A   25111.41587888 -.00000191  00000+0  00000+0 0  9990
2 39481   0.0121 238.5490 0003395 143.9184 249.7867  1.00268514 41614
THAICOM 6               
1 39500U 14002A   25111.47641679 -.00000118  00000+0  00000+0 0  9997
2 39500   0.0666 103.6725 0002865 346.3376   9.8020  1.00272745 41297
TDRS 12                 
1 39504U 14004A   25111.45269845 -.00000265  00000+0  00000+0 0  9995
2 39504   3.6480  10.7394 0002008 225.8032  95.0089  1.00279656 41226
TURKSAT 4A              
1 39522U 14007A   25110.93933734  .00000150  00000+0  00000+0 0  9997
2 39522   0.0395 296.7392 0003059  31.0867 261.5860  1.00272539 40731
TIGRISAT                
1 40043U 14033AK  25111.40918438  .00003517  00000+0  43239-3 0  9998
2 40043  97.7297 268.2954 0051799  18.6059 341.7033 14.82688808583370
TECHDEMOSAT-1 (TDS-1)   
1 40076U 14037H   25111.39947914  .00012722  00000+0  90751-3 0  9996
2 40076  98.3406  61.0721 0005909 235.9935 124.0728 15.04692232584707
THOR 7                  
1 40613U 15022A   25111.46086427 -.00000005  00000+0  00000+0 0  9995
2 40613   0.0397  83.6993 0002588 307.6889 343.6444  1.00271656 36585
TURKMENALEM52E/MONACOSAT
1 40617U 15023A   25111.18555963  .00000108  00000+0  00000+0 0  9998
2 40617   0.0372  58.3864 0003357 330.1032 299.8425  1.00270698 36591
TJS-1                   
1 40892U 15046A   25111.19955657 -.00000151  00000+0  00000+0 0  9992
2 40892   0.0425 223.3787 0002206 182.8895  30.1842  1.00272170 35320
TURKSAT 4B              
1 40984U 15060A   25111.18512523  .00000118  00000+0  00000+0 0  9992
2 40984   0.0470  65.1530 0002298 336.1429 284.8480  1.00272867 34854
TIANHUI 1-03            
1 40988U 15061A   25111.54896602  .00053774  00000+0  52007-3 0  9994
2 40988  97.5019 256.9593 0002678 262.6768  97.4187 15.66270947528627
TELSTAR 12V             
1 41036U 15068A   25110.88665745 -.00000116  00000+0  00000+0 0  9999
2 41036   0.0187 243.1876 0002602 144.9666 125.2357  1.00266138 34390
TELEOS-1                
1 41169U 15077D   25110.87064470  .00155674  00000+0  11109-2 0  9997
2 41169  14.9789 324.8127 0004599  31.1616 328.8985 15.71835497518538
THAICOM 8               
1 41552U 16031A   25110.88378083 -.00000117  00000+0  00000+0 0  9990
2 41552   0.0748  45.4170 0004661 343.0689 217.4149  1.00271751 32545
TIANTONG-1 1            
1 41725U 16048A   25111.48093457 -.00000312  00000+0  00000+0 0  9993
2 41725   3.0875  37.6250 0006179 352.1479  94.5556  1.00272535 32038
TIANLIAN 1-04           
1 41869U 16072A   25111.22267147  .00000035  00000+0  00000+0 0  9991
2 41869   0.2262 276.3268 0040844 250.8978 299.3373  1.00275844 31062
TANSAT                  
1 41898U 16081A   25111.48654190  .00001029  00000+0  22679-3 0  9993
2 41898  98.5099  95.0836 0020762 168.1168 192.0525 14.59483755443108
TJS-2                   
1 41911U 17001A   25110.90281720 -.00000002  00000+0  00000+0 0  9994
2 41911   0.2639 268.2965 0001836 147.1086 185.3095  1.00272082 30489
TELKOM 3S               
1 41944U 17007A   25111.48423602 -.00000359  00000+0  00000+0 0  9992
2 41944   0.0124 196.3761 0002367 201.1443 104.6152  1.00270994 29986
TECHNOSAT               
1 42829U 17042E   25111.46426072  .00005876  00000+0  45935-3 0  9994
2 42829  97.3932 282.5222 0015632  86.5932 273.7081 15.01339093423352
TDRS 13                 
1 42915U 17047A   25111.17296197 -.00000099  00000+0  00000+0 0  9999
2 42915   3.4660 351.8900 0014450 104.0503 164.2583  1.00271348 28145
TESS                    
1 43435U 18038A   25113.79746307 -.00000599  00000+0  00000+0 0  9996
2 43435  54.4385  51.0937 3794958 100.3871   7.3552  0.07048710  1549
TELSTAR 19V             
1 43562U 18059A   25111.10947569 -.00000276  00000+0  00000+0 0  9998
2 43562   0.0189 191.6550 0001938 255.2767  98.9066  1.00270082 24938
TELKOM 4 (MERAH PUTIH)  
1 43587U 18064A   25110.91107083 -.00000340  00000+0  00000+0 0  9990
2 43587   0.0090 198.3318 0001800 226.1634 220.7288  1.00271239 24644
TELSTAR 18V             
1 43611U 18069A   25111.34540219 -.00000290  00000+0  00000+0 0  9997
2 43611   0.0155 263.6744 0002028 135.7711  72.5671  1.00271712 24383
TEN-KOH                 
1 43677U 18084G   25110.91346520  .00003811  00000+0  30917-3 0  9992
2 43677  98.0932 281.1943 0009087  88.9007 271.3257 15.00273745352791
TIANZHI 1               
1 43710U 18094A   25111.53000993  .00076545  00000+0  66321-3 0  9993
2 43710  97.3391 142.9293 0004792 190.1204 169.9962 15.68900087358516
TIANPING 1B             
1 43714U 18094E   25111.54085002  .00059151  00000+0  59895-3 0  9994
2 43714  97.3312 142.6484 0005407 196.9052 163.2029 15.65080098358521
THEA                    
1 43796U 18099AQ  25110.60159193  .00018239  00000+0  84421-3 0  9993
2 43796  97.4973 174.7912 0009017 341.7044  18.3865 15.20144029348207
TJS-3                   
1 43874U 18110A   25110.91306909 -.00000347  00000+0  00000+0 0  9996
2 43874   1.4521  85.5463 0001318  20.7659 189.9874  1.00022502 23186
TIANLIAN 2-01           
1 44076U 19017A   25111.47606927 -.00000103  00000+0  00000+0 0  9993
2 44076   0.4886  90.2041 0003180 279.3130  88.6820  1.00271788 22383
TIANHUI 2-01A           
1 44207U 19024A   25110.87059003  .00003261  00000+0  16947-3 0  9995
2 44207  97.4759 115.5728 0001800 103.9603 256.1830 15.16780030330888
TIANHUI 2-01B           
1 44209U 19024C   25110.87059091  .00003383  00000+0  17572-3 0  9994
2 44209  97.4761 115.5708 0002236  92.2684 267.8805 15.16780573330887
TIANQI-3                
1 44314U 19032E   25111.50922557  .00014822  00000+0  61416-3 0  9993
2 44314  44.9787 132.5293 0013099  47.2973 312.9009 15.23770283323523
TAURUS-1 (JINNIUZUO 1)  
1 44530U 19059C   25111.49945251  .00014005  00000+0  26154-2 0  9998
2 44530  98.6003 248.6055 0010763 183.4312 176.6817 14.65016743296755
TJS-4                   
1 44637U 19070A   25110.90620553 -.00000166  00000+0  00000+0 0  9992
2 44637   0.0150  18.6521 0003480  54.4137 185.9299  1.00269578 20232
TIBA-1                  
1 44800U 19080A   25111.54002878  .00000159  00000+0  00000+0 0  9991
2 44800   0.0581  10.6449 0002022  24.7126  44.4037  1.00271306 19859
TIANQIN 1 (CAS-6)       
1 44879U 19093A   25111.51061836  .00006960  00000+0  68734-3 0  9995
2 44879  97.8065 193.6593 0012027  24.0926 336.0853 14.92209463289096
TIANYAN 01              
1 44881U 19093C   25111.52434233  .00001997  00000+0  23724-3 0  9999
2 44881  97.7938 188.1995 0014598  37.9164 322.3076 14.85474626288792
TIANYAN 02              
1 44882U 19093D   25111.46780531  .00011282  00000+0  95026-3 0  9990
2 44882  97.8203 198.9079 0011545  14.9597 345.1965 14.98328364289326
TJS-5                   
1 44978U 20002A   25110.91098396 -.00000339  00000+0  00000+0 0  9994
2 44978   0.2668 267.5274 0001631 310.4851  66.7275  1.00271386 19474
TYVAK-0172              
1 46267U 20059C   25111.53373609  .00055744  00000+0  19319-2 0  9996
2 46267  97.7839 328.5553 0001099  79.8246 280.3117 15.29630938253453
TIANQI-6                
1 46810U 20076D   25111.39820360  .00006809  00000+0  49678-3 0  9994
2 46810  34.9991 108.8584 0010464  60.2405 299.9343 15.03018586245100
TIANTONG-1 2            
1 46916U 20082A   25111.09990486 -.00000354  00000+0  00000+0 0  9994
2 46916   1.6185 297.8121 0002260  94.7648 337.7476  1.00274176 16414
TURKSAT 5A              
1 47306U 21001A   25111.54002878  .00000157  00000+0  00000+0 0  9999
2 47306   0.0458  71.3106 0000759  56.2134 307.6754  1.00271061 15768
TIANTONG-1 3            
1 47321U 21003A   25110.90577113 -.00000154  00000+0  00000+0 0  9994
2 47321   2.3032 319.5065 0003042  43.1799 254.1616  1.00272546 15727
TJS-6                   
1 47613U 21010A   25111.53725484  .00000046  00000+0  00000+0 0  9991
2 47613   0.3474  90.8860 0001179 108.4118  22.4824  1.00268831 15572
TYVAK-182A              
1 48271U 21034D   25111.11815717  .00008149  00000+0  64651-3 0  9999
2 48271  97.6133 172.5150 0003310  14.3315 345.8002 15.00765492216413
TIANQI-12               
1 48426U 21039D   25111.21255592  .00009222  00000+0  62034-3 0  9992
2 48426  35.0016  42.9018 0004099 184.4540 175.6133 15.06030865216462
TYVAK-0130              
1 48606U 21041BF  25111.55684957  .00011893  00000+0  55794-3 0  9995
2 48606  53.0284 172.0786 0009706 309.3167  50.6966 15.20047411216107
TIANQI-14               
1 48864U 21055E   25111.52785762  .00010729  00000+0  69949-3 0  9993
2 48864  34.9994 159.0683 0005799 193.6331 166.4223 15.07150644209938
TYVAK-0173              
1 48892U 21059P   25111.51111310  .00004265  00000+0  57482-3 0  9996
2 48892  95.9840 288.6759 0010251  28.5037 331.6738 14.79455626205846
TUBIN                   
1 48900U 21059X   25111.47152523  .00062583  00000+0  90603-3 0  9991
2 48900  97.6732 276.8884 0002897  74.6572 285.5001 15.55685721212390
TIANLIAN 1-05           
1 49011U 21063A   25111.54558647  .00000112  00000+0  00000+0 0  9993
2 49011   0.5054  81.0055 0002125 268.6371  73.4515  1.00272175 13849
TIANQI-15               
1 49027U 21065B   25111.54701602  .00008851  00000+0  60858-3 0  9992
2 49027  35.0001 286.0794 0007313 289.0039  70.9877 15.05209725205599
TIANHUI 1-04            
1 49049U 21067A   25111.51276488  .00010911  00000+0  46093-3 0  9999
2 49049  97.3229 185.9175 0003479 138.1522 221.9981 15.23414984206518
TIANHUI 2-02A           
1 49071U 21074A   25111.43456054  .00003764  00000+0  19506-3 0  9999
2 49071  97.4754 115.4118 0002011 105.1396 255.0060 15.16784930203354
TIANHUI 2-02B           
1 49072U 21074B   25111.43456116  .00003865  00000+0  20021-3 0  9995
2 49072  97.4754 115.4076 0002205  91.0599 269.0887 15.16785202203345
TJS-7                   
1 49115U 21077A   25111.54558250 -.00000121  00000+0  00000+0 0  9994
2 49115   0.2710  88.8989 0000383 357.6758 220.2527  1.00272202 13580
TEIKYOSAT-4 (OORURI)    
1 49396U 21102B   25110.63650870  .00003274  00000+0  22016-3 0  9990
2 49396  97.4162 150.8609 0010992 310.2055  49.8210 15.07379768189025
TIANLIAN 2-02           
1 50005U 21124A   25110.85216595 -.00000010  00000+0  00000+0 0  9990
2 50005   0.0870 286.2910 0002419  38.5106   2.1230  1.00271917 12373
TURKSAT 5B              
1 50212U 21126A   25110.93933734  .00000150  00000+0  00000+0 0  9996
2 50212   0.0802 327.4679 0004672  19.2524 242.7272  1.00271635 12062
TIANHUI 4A              
1 50572U 21134A   25111.54888230  .00011308  00000+0  28543-3 0  9995
2 50572  88.9822  22.0787 0006532 302.6211  57.4414 15.39700793184850
TIANHUI 4B              
1 50573U 21134B   25111.54915361  .00011324  00000+0  28589-3 0  9990
2 50573  88.9819  22.0728 0006257 310.3417  49.7292 15.39697288184829
TJS-9                   
1 50574U 21135A   25111.51503001 -.00000295  00000+0  00000+0 0  9993
2 50574   0.0448 312.4193 0003765 106.3396 113.7040  1.00272979 12232
TK-2                    
1 52150U 22031A   25111.51861675  .00005465  00000+0  43574-3 0  9995
2 52150  97.8463 298.2316 0015547 111.2224 249.0661 15.00653757167166
TIANPING 2A             
1 52153U 22032A   25111.54354112  .00003603  00000+0  32958-3 0  9991
2 52153  97.6403 155.5766 0011807 145.5241 214.6748 14.95556661166789
TIANPING 2B             
1 52155U 22032C   25111.50668390  .00003559  00000+0  29586-3 0  9998
2 52155  97.6437 160.3746 0014075 156.3689 203.8183 14.99280697167046
TIANPING 2C             
1 52156U 22032D   25111.55470733  .00010253  00000+0  70924-3 0  9997
2 52156  97.6379 162.5591 0008367 151.6931 208.4752 15.05862556167286
TIANLIAN 2-03           
1 53100U 22078A   25110.39086145  .00000077  00000+0  00000+0 0  9995
2 53100   0.4380 282.9320 0002365  77.7570 359.3171  1.00273978 10312
TECMS                   
1 53346U 22090A   25111.50131690  .00008164  00000+0  37236-3 0  9991
2 53346  97.3591 185.3031 0003768 147.9633 212.1832 15.20878939150709
TIANHUI 6A              
1 55836U 23030A   25111.54450949 -.00000085  00000+0 -26995-4 0  9994
2 55836  99.0016 120.3360 0001277 139.7856 220.3404 14.01333415108352
TIANHUI 6B              
1 55839U 23030D   25111.54448366 -.00000391  00000+0 -23034-3 0  9997
2 55839  99.0027 120.3436 0002326 192.3737 167.7372 14.01332288108344
TIANMU-1 03             
1 55973U 23039A   25111.46928080  .00019015  00000+0  58008-3 0  9992
2 55973  97.4962 269.2123 0004889 162.7135 197.4274 15.33969601115922
TIANMU-1 04             
1 55974U 23039B   25111.48911132  .00019356  00000+0  58634-3 0  9998
2 55974  97.4888 268.5522 0005836 160.4425 199.7043 15.34184670115920
TIANMU-1 05             
1 55975U 23039C   25111.50344476  .00019235  00000+0  58720-3 0  9995
2 55975  97.4935 269.0166 0004301 177.2655 182.8612 15.33947630115917
TIANMU-1 06             
1 55976U 23039D   25111.50229966  .00019492  00000+0  58898-3 0  9993
2 55976  97.4949 269.3074 0004720 176.1248 184.0032 15.34268421115921
TAIFA-1                 
1 56208U 23054AG  25111.39395784  .01847432  23711-5  12203-2 0  9991
2 56208  97.3141  22.9439 0006790 167.3222 192.8238 16.17067357114060
TELEOS-2                
1 56310U 23057C   25109.98709283  .00010556  00000+0  84563-3 0  9990
2 56310   9.9879  45.5843 0000631 246.6914 113.3234 14.96431699109302
TROPICS-05              
1 56442U 23062A   25110.71051940  .00031068  00000+0  53533-3 0  9999
2 56442  32.7330 240.8503 0003430  11.0912 348.9845 15.49900561108658
TROPICS-06              
1 56444U 23062C   25110.70038994  .00048228  00000+0  62789-3 0  9993
2 56444  32.7262 224.8015 0002659  30.4757 329.6081 15.57531927108785
TROPICS-03              
1 56753U 23073B   25111.24055487  .00027443  00000+0  50758-3 0  9993
2 56753  32.7332  53.5142 0003403 212.5940 147.4532 15.47897649105946
TROPICS-07              
1 56754U 23073C   25111.14980771  .00057733  00000+0  79505-3 0  9992
2 56754  32.7295  36.7986 0003767 215.1213 144.9222 15.56000404106123
TOMORROW-R2             
1 56962U 23084AG  25110.93217577  .00030346  00000+0  73575-3 0  9990
2 56962  97.5641 241.3629 0007005   5.7365 354.3960 15.40990927103221
TIANMU-1 07             
1 57399U 23101A   25111.51936278  .00010036  00000+0  41229-3 0  9991
2 57399  97.3158 166.7419 0004839 167.0539 193.0824 15.24375850 97280
TIANMU-1 08             
1 57400U 23101B   25111.48571623  .00010348  00000+0  42481-3 0  9996
2 57400  97.3147 166.5439 0006698 177.9591 182.1676 15.24381931 97274
TIANMU-1 09             
1 57401U 23101C   25111.46855401  .00010587  00000+0  43368-3 0  9994
2 57401  97.3101 166.1875 0006602 174.5845 185.5466 15.24447034 97276
TIANMU-1 10             
1 57402U 23101D   25111.49977720  .00011179  25131-7  45559-3 0  9999
2 57402  97.3182 166.8225 0008540 176.7986 183.3308 15.24474733 97272
TIANQI-21               
1 57792U 23135A   25111.55547916  .00000319  00000+0  21136-3 0  9994
2 57792  49.9705 125.9468 0013673 226.3975 133.5803 14.22838046 84592
TIANQI-22               
1 57793U 23135B   25111.53966360  .00000031  00000+0  84182-4 0  9993
2 57793  49.9667 126.3595 0013464 229.4767 130.4972 14.22833000 84584
TIANQI-23               
1 57794U 23135C   25111.50437200  .00000510  00000+0  29571-3 0  9999
2 57794  49.9708 126.3828 0014243 228.6033 131.3655 14.22829470 84587
TIANQI-24               
1 57795U 23135D   25111.45352469  .00000127  00000+0  12620-3 0  9998
2 57795  49.9713 126.8254 0014083 230.5706 129.3960 14.22822647 84577
THEOS-2 (T2V)           
1 58016U 23155A   25111.50716891  .00002062  00000+0  26815-3 0  9997
2 58016  97.9011 183.4811 0001296 105.8069 254.3286 14.81731934 82980
TIANHUI 5A              
1 58199U 23168A   25111.46219889  .00000904  00000+0  10548-3 0  9992
2 58199  97.8206 119.8815 0001817 104.8960 255.2457 14.87576567 79905
TIANHUI 5B              
1 58201U 23168C   25111.46220050  .00000811  00000+0  95292-4 0  9995
2 58201  97.8197 119.8828 0002100  97.4130 262.7325 14.87576314 79901
TJS-10                  
1 58204U 23169A   25110.81550574  .00000006  00000+0  00000+0 0  9998
2 58204   1.4514  85.5566 0002335 207.8959  22.1972  1.00270364  5308
TIGER-6                 
1 58272U 23174S   25111.20587959  .00032374  00000+0  88433-3 0  9993
2 58272  97.4185 191.0148 0006071 211.1318 148.9568 15.37323128 80728
TIGER-5                 
1 58277U 23174X   25111.16520060  .00035402  00000+0  92040-3 0  9997
2 58277  97.4156 191.1464 0006312 209.7126 150.3762 15.38829872 80733
TIANYI-33               
1 58553U 23193A   25111.54479336  .00552664  15308-3  70141-3 0  9999
2 58553  97.2110 135.0252 0009393 203.1949 156.8911 16.07377887 77726
TIANMU-1 11             
1 58645U 23205A   25111.51408055  .00008965  00000+0  40105-3 0  9998
2 58645  97.3772 135.5523 0011576  57.3260 302.9091 15.21462848 73298
TIANMU-1 12             
1 58646U 23205B   25111.53025273  .00009741  00000+0  43488-3 0  9998
2 58646  97.3759 135.4394 0009478  52.8234 307.3866 15.21527847 73287
TIANMU-1 13             
1 58647U 23205C   25111.49533964  .00009676  00000+0  43169-3 0  9998
2 58647  97.3787 135.5229 0009265  34.8857 325.2984 15.21554210 73275
TIANMU-1 14             
1 58648U 23205D   25111.48067279  .00010024  00000+0  44732-3 0  9995
2 58648  97.3715 135.0714 0009958  37.5366 322.6564 15.21530787 73273
TIANMU-1 19             
1 58660U 23208A   25111.48754910  .00012718  00000+0  53887-3 0  9990
2 58660  97.4215 224.1599 0005619  21.5972 338.5501 15.23269659 72961
TIANMU-1 20             
1 58661U 23208B   25111.52785250  .00013237  00000+0  54073-3 0  9992
2 58661  97.4150 224.4180 0008335  27.2407 332.9266 15.24477518 73012
TIANMU-1 21             
1 58662U 23208C   25111.52257232  .00015042  00000+0  58181-3 0  9997
2 58662  97.4192 225.4301 0007835  25.7606 334.4021 15.26280864 73062
TIANMU-1 22             
1 58663U 23208D   25111.47446009  .00011398  00000+0  48291-3 0  9995
2 58663  97.4208 224.2530 0004802  48.5689 311.5959 15.23301682 72971
TIANMU-1 15             
1 58700U 24004A   25110.94975954  .00008185  00000+0  36504-3 0  9993
2 58700  97.4663 293.8857 0008529  58.7795 301.4275 15.21629083 71461
TIANMU-1 16             
1 58701U 24004B   25111.52641888  .00010510  00000+0  46786-3 0  9993
2 58701  97.4594 294.0467 0008813  59.0601 301.1500 15.21617412 71552
TIANMU-1 17             
1 58702U 24004C   25111.51674255  .00010573  00000+0  47206-3 0  9994
2 58702  97.4633 294.3209 0006682  57.1105 303.0772 15.21528331 71546
TIANMU-1 18             
1 58703U 24004D   25111.49526963  .00009056  00000+0  40460-3 0  9993
2 58703  97.4651 294.4509 0006699  49.8403 310.3419 15.21547897 71545
TIANXING-1 02           
1 58756U 24008A   25111.50936454  .00086007  00000+0  73730-3 0  9994
2 58756  95.1145  68.5339 0014914 251.8707 108.0937 15.68999072 73432
TIRSAT                  
1 58989U 24032C   25111.17310022  .00002669  00000+0  44349-3 0  9995
2 58989  98.0511 170.2134 0006227  65.0447 295.1405 14.70950655 63014
TJS-11                  
1 59020U 24037A   25110.89281025 -.00000369  00000+0  00000+0 0  9993
2 59020   4.8175 322.9144 0004023  95.7306 232.3309  1.00272566  4349
TIGER-8                 
1 59120U 24043Y   25111.34950472  .00012185  00000+0  35609-3 0  9996
2 59120  97.5034 242.9343 0007824 277.0614  82.9739 15.35415710 62875
TIGER-7                 
1 59141U 24043AV  25110.82206498  .00013834  00000+0  37593-3 0  9999
2 59141  97.4981 243.1677 0006675 252.4219 107.6296 15.37663694 62851
TSAT-1A                 
1 59442U 24066A   25111.49590765  .00016981  00000+0  69257-3 0  9993
2 59442  45.6043 244.9187 0013781 279.1094  80.8238 15.24232433 57207
TIANQI 25               
1 59909U 24102A   25111.49896032  .00000314  00000+0  30431-3 0  9993
2 59909  44.9784 338.0797 0011597  50.0084 310.1765 13.98951171 45857
TIANQI 26               
1 59910U 24102B   25111.47977354  .00000333  00000+0  31756-3 0  9992
2 59910  44.9747 337.8719 0010315  54.2002 305.9788 13.98943060 45857
TIANQI 27               
1 59911U 24102C   25111.51479244  .00000322  00000+0  31000-3 0  9993
2 59911  44.9793 337.4559 0007287  62.1116 298.0454 13.98968641 45859
TIANQI 28               
1 59912U 24102D   25111.53327122  .00000352  00000+0  33065-3 0  9999
2 59912  44.9800 337.5792 0011897  60.2002 300.0012 13.98964037 45853
TECHEDSAT-11            
1 60208U 24125F   25111.54601529  .00019288  00000+0  63691-3 0  9997
2 60208  97.2880 323.3582 0020167 310.9668  48.9828 15.31240038 44416
TIANHUI 5C              
1 60211U 24126A   25111.48511515  .00000970  00000+0  11272-3 0  9996
2 60211  97.8210 120.0821 0001559  91.9446 268.1949 14.87584694 43198
TIANHUI 5D              
1 60212U 24126B   25111.48511636  .00000970  00000+0  11280-3 0  9990
2 60212  97.8210 120.0896 0002126  94.7037 265.4422 14.87584568 43207
TURKSAT 6A              
1 60233U 24127A   25110.93933734  .00000150  00000+0  00000+0 0  9994
2 60233   0.0339 201.5766 0000591 203.2089 184.6531  1.00269451  2780
TOMORROW-S1             
1 60479U 24149M   25110.66043232  .00009932  00000+0  39711-3 0  9997
2 60479  97.4083 188.9146 0001559 329.1471  30.9675 15.25301065 37539
TOMORROW-S2             
1 60485U 24149T   25111.22029681  .00009759  00000+0  39186-3 0  9992
2 60485  97.4145 189.7326 0002223 345.1977  14.9196 15.25164549 37626
TYCHE                   
1 60496U 24149AE  25111.49897284  .00008835  00000+0  38000-3 0  9993
2 60496  97.4114 189.4313 0004090 358.8717   1.2510 15.22866313 37639
TANAGER-1               
1 60507U 24149AR  25110.68031041  .00027710  00000+0  61381-3 0  9998
2 60507  97.4067 193.8302 0009945 253.7857 106.2297 15.43694306 37854
TORO                    
1 60530U 24149BQ  25111.18553895  .00003254  00000+0  30985-3 0  9999
2 60530  97.7164 188.3557 0001264  89.6876 270.4488 14.94089157 36891
TROOP-F2                
1 60557U 24149CT  25111.22083274  .00031524  00000+0  97621-3 0  9993
2 60557  97.4019 190.6143 0002625 298.7875  61.3104 15.33394974 37700
TIANQI 29               
1 61195U 24170A   25111.51527927  .00000376  00000+0  34612-3 0  9998
2 61195  44.8566 216.6349 0007500 245.6996 114.3051 13.98940144 30002
TIANQI 30               
1 61196U 24170B   25111.46172369  .00000378  00000+0  34797-3 0  9995
2 61196  44.8580 217.0843 0009267 251.8844 108.0978 13.98939765 29997
TIANQI 31               
1 61197U 24170C   25111.47964345  .00000366  00000+0  33917-3 0  9990
2 61197  44.8617 217.2572 0009481 232.4259 127.5711 13.98962016 29999
TIANQI 32               
1 61198U 24170D   25111.49728060  .00000373  00000+0  34459-3 0  9995
2 61198  44.8602 217.3386 0009429 231.2445 128.7544 13.98922308 30027
TUSUR GO (RS78S)        
1 61782U 24199AZ  25111.57969493  .00037659  00000+0  11432-2 0  9993
2 61782  97.3609 340.5760 0014847  15.9448 344.2259 15.33884935 69441
TIANZHOU-8              
1 61983U 24211A   25110.78848221  .00038375  00000+0  42855-3 0  9998
2 61983  41.4657   9.8654 0004411 210.8252 149.2328 15.62009605 16299
TJS-13                  
1 62188U 24227A   25107.21103782  .00000586  00000+0  00000+0 0  9998
2 62188  63.4806  90.6137 7022008 269.5548  16.9668  2.00598557  2704
TIANQI 33               
1 62365U 24245A   25111.35886480  .00000246  00000+0  25765-3 0  9990
2 62365  44.9846  38.6457 0006856 191.6483 168.4192 13.98961494 17282
TIANQI 34               
1 62366U 24245B   25111.34082843  .00000263  00000+0  26951-3 0  9998
2 62366  44.9813  38.5071 0003762 207.6889 152.3743 13.98980182 17255
TIANQI 35               
1 62367U 24245C   25111.39445465  .00000268  00000+0  27280-3 0  9998
2 62367  44.9860  38.1257 0008812 178.2548 181.8316 13.98983715 17276
TIANQI 36               
1 62368U 24245D   25111.23426276  .00000256  00000+0  26472-3 0  9990
2 62368  44.9856  38.6545 0007380 190.2297 169.8386 13.98973434 17259
TJS-12                  
1 62374U 24246A   25111.19955657 -.00000229  00000+0  00000+0 0  9999
2 62374   1.6923 285.1120 0002251  93.9514  48.8054  1.00274330  1342
TANSTAAFL-2             
1 62378U 24247B   25110.93362298  .00009957  00000+0  44454-3 0  9999
2 62378  44.9935  70.9513 0001109 112.5462 247.5536 15.21630022 18473
TOMORROW-S4             
1 62386U 24247K   25110.95691556  .00008723  00000+0  38642-3 0  9994
2 62386  44.9951  71.1081 0003588 114.3508 245.7748 15.22033623 18477
TOMORROW-S3             
1 62392U 24247R   25110.92825883  .00008073  00000+0  35760-3 0  9996
2 62392  44.9941  70.9209 0003542 112.6385 247.4870 15.22126342 18472
THURAYA-4               
1 62483U 25001A   25108.58850075 -.00000115  00000+0  00000+0 0  9991
2 62483   1.8009 306.1988 2165734 197.4224 199.7361  0.93631645  1021
TROLL                   
1 62658U 25009BB  25110.93534069  .00010915  00000+0  49708-3 0  9997
2 62658  97.4209 192.0558 0002936  85.4296 274.7275 15.20851199 69082
TJS-14                  
1 62804U 25017A   25111.17886984  .00000117  00000+0  00000+0 0  9993
2 62804   1.8125 284.9874 0001301 150.6413 216.6695  1.00272543  1039
TJS-15                  
1 63157U 25045A   25110.89628385 -.00000228  00000+0  00000+0 0  9997
2 63157   0.1020  96.2763 0002140  57.8549 108.0816  1.00272487   527
TOMORROW-S6             
1 63225U 25052R   25111.25340367  .00006889  00000+0  34592-3 0  9998
2 63225  97.4455   5.9556 0006626 153.6253 206.5319 15.17588395  5754
TOMORROW-S5             
1 63234U 25052AA  25111.26918515  .00005989  00000+0  30675-3 0  9993
2 63234  97.4438   5.9265 0007930 171.9129 188.2233 15.16936494  5753
TIANLIAN 2-04           
1 63361U 25062A   25110.90551049 -.00000141  00000+0  00000+0 0  9991
2 63361   5.4602 280.1713 0031039   1.1883 333.9587  1.00272984   367
TJS-16                  
1 63397U 25064A   25110.90024888 -.00000175  00000+0  00000+0 0  9995
2 63397   0.0564   8.1063 0001506  75.7849 241.9144  1.00270831   158
TIANPING-3A 02          
1 63432U 25068A   25111.47221844  .00008086  00000+0  60297-3 0  9999
2 63432  43.0043 117.4765 0244874 213.1141 145.4156 14.82294031  2706
TJS-17                  
1 63524U 25073A   25100.87528880  .00000365 -53871-6  00000+0 0  9995
2 63524  18.9938  88.7815 7324768 179.5370 130.1112  2.26000113    11
