XMM-NEWTON              
1 25989U 99066A   25113.53020583  .00000106  00000+0  00000+0 0  9996
2 25989  66.5013 288.5338 4885744  72.1985   0.0242  0.50130939 35269
XTAR-EUR                
1 28542U 05005A   25110.56687168  .00000157  00000+0  00000+0 0  9998
2 28542   3.2430  81.9466 0005239 293.7287  66.3061  1.00272095 73958
XM-3 (RHYTHM)           
1 28626U 05008A   25111.44366289 -.00000196  00000+0  00000+0 0  9994
2 28626   0.0196 287.6141 0001429 175.1237 180.3823  1.00273197 73839
XIWANG-1 (HOPE-1)       
1 36122U 09072B   25110.83819978  .00000011  00000+0  14305-3 0  9991
2 36122 100.3447  67.6740 0008050 116.5863 243.6076 13.16423059737434
XM-5                    
1 37185U 10053A   25110.80715043 -.00000018  00000+0  00000+0 0  9998
2 37185   0.0354 271.1120 0001827 285.6530 187.7594  1.00269845 53249
X-SAT                   
1 37389U 11015C   25111.47403358  .00000308  00000+0  14862-3 0  9996
2 37389  98.3109 104.7749 0014899 137.6534 222.5799 14.25018489728133
XPNAV-1                 
1 41841U 16066A   25111.50921584  .00185905  00000+0  90322-3 0  9997
2 41841  97.3311 144.6228 0003921 157.8452 202.2987 15.81927490471095
XJS A                   
1 43518U 18054A   25111.53608477  .00144754  00000+0  15806-2 0  9995
2 43518  35.0497 272.4683 0010654  28.8484 331.2831 15.61842751382153
XIAOXIANG 4             
1 44313U 19032D   25111.38544018  .00077259  00000+0  14457-2 0  9995
2 44313  44.9912  85.9107 0014956  88.3199 271.9405 15.47716849324109
XINGYUN-2 01            
1 45602U 20028A   25111.49221527  .00004182  00000+0  26706-3 0  9999
2 45602  97.4653 108.7699 0008707 204.1333 155.9490 15.09159091271183
XINGYUN-2 02            
1 45603U 20028B   25111.48725745  .00004469  00000+0  28586-3 0  9996
2 45603  97.5113 120.6240 0009561 282.6039  77.4121 15.09067241271188
XJS G                   
1 45611U 20032A   25111.53281198  .00124702  00000+0  98366-3 0  9991
2 45611  35.0224 208.6300 0006041  99.7592 260.3820 15.70019853275178
XJY-7                   
1 47298U 20102C   25111.53192392  .00091919  00000+0  16824-2 0  9990
2 47298  97.3722 214.9652 0008065 197.6178 162.4795 15.48981338241190
XR-1 (ICEYE-X10)        
1 47507U 21006CY  25111.17606193  .00397408  00000+0  17933-2 0  9990
2 47507  97.2786 175.5608 0008720 209.8170 150.2604 15.82959074235895
XINGSHIDAI 10           
1 49007U 21061E   25111.54325089  .00037976  00000+0  97414-3 0  9995
2 49007  97.3467 176.8176 0007980 160.0205 200.1354 15.39215227210557
XW-3 (CAS-9)            
1 50466U 21131B   25111.52303042  .00001142  00000+0  37103-3 0  9992
2 50466  98.5083 201.1237 0002929 284.9299  75.1565 14.40738288174384
XRISM                   
1 57800U 23137A   25111.51435580  .00008313  00000+0  52768-3 0  9992
2 57800  31.0011 200.5716 0008203  45.4978 314.6328 15.07539565 89155
XINGCHI-1 02A           
1 58496U 23187A   25111.46402850  .00002091  00000+0  26739-3 0  9993
2 58496  97.9549 191.7800 0013267  80.5183 279.7529 14.82392361 74604
XINGCHI-1 02B           
1 58498U 23187C   25111.47577136  .00004241  00000+0  52141-3 0  9991
2 58498  97.9558 191.9678 0012449  81.4371 278.8253 14.83503026 74608
XCUBE-1                 
1 62400U 24247Z   25110.90060348  .00008768  00000+0  39167-3 0  9997
2 62400  44.9958  70.7058 0002608 292.2099  67.8505 15.21744206 18472
