AJISAI (EGS)            
1 16908U 86061A   25111.52231705 -.00000086  00000+0  82395-4 0  9995
2 16908  50.0119   4.0010 0011203 186.3810 237.5318 12.44511459428235
AMC-3                   
1 24936U 97050A   25111.30369959 -.00000254  00000+0  00000+0 0  9999
2 24936   7.1106  68.8224 0003194 320.1247 218.0061  1.00272079101218
ASTRA 2A                
1 25462U 98050A   25111.54228366  .00000117  00000+0  00000+0 0  9994
2 25462   6.0286  73.8505 0002764 319.3311  63.0018  0.99379302 97513
ABS-6                   
1 25924U 99053A   25111.13532484 -.00000114  00000+0  00000+0 0  9993
2 25924   0.0306 103.3826 0002572 295.4797  18.3218  1.00279413 93603
ASIASTAR                
1 26107U 00016A   25111.33879928 -.00000325  00000+0  00000+0 0  9991
2 26107   8.1397  62.5296 0004651 336.9522  37.1530  1.00268724 91922
AMC-6                   
1 26580U 00067A   25110.74454400  .00000093  00000+0  00000+0 0  9991
2 26580   0.0863  76.2955 0002920 312.1636 313.5937  1.00273362 89652
AQUA                    
1 27424U 02022A   25111.45057997  .00001976  00000+0  41124-3 0  9998
2 27424  98.3735  69.1077 0001100 108.4456   1.6901 14.61160421221701
ASIASAT 4               
1 27718U 03014A   25111.41869844 -.00000216  00000+0  00000+0 0  9995
2 27718   3.6247  81.0540 0002245 304.0796 122.8832  1.00271393 80694
ABS-4 (MOBISAT-1)       
1 28184U 04007A   25111.51934706  .00000046  00000+0  00000+0 0  9997
2 28184   4.9728  77.1239 0005559 316.1289  64.5468  1.00274315 77356
AMC-11                  
1 28252U 04017A   25111.23586455 -.00000046  00000+0  00000+0 0  9998
2 28252   0.0531  63.2287 0003319 340.5719 139.5631  1.00271674 76473
APRIZESAT 2             
1 28366U 04025A   25111.03588752  .00000437  00000+0  14867-3 0  9996
2 28366  98.0774 296.7472 0107308  84.8568 276.4856 14.37767726 90981
APRIZESAT 1             
1 28372U 04025G   25111.51477191  .00000807  00000+0  21190-3 0  9998
2 28372  98.6226 105.9797 0044888 358.6783   1.4285 14.51406361100773
AURA                    
1 28376U 04026A   25111.47139348  .00001938  00000+0  41095-3 0  9999
2 28376  98.2903  61.1933 0001365  91.8616 268.2741 14.60302654104688
ANIK F2                 
1 28378U 04027A   25110.86754377 -.00000044  00000+0  00000+0 0  9994
2 28378   2.1952  84.8885 0004349 325.3901   0.1216  1.00271989 37022
AMC-15                  
1 28446U 04041A   25111.18447713 -.00000085  00000+0  00000+0 0  9990
2 28446   0.0533  63.6538 0002356 328.6724 138.5396  1.00271913 75119
ANIK F1R                
1 28868U 05036A   25111.15391723 -.00000069  00000+0  00000+0 0  9991
2 28868   3.2276  81.8226 0003350 322.2539 113.5220  1.00271799 71927
ASTRA 1KR               
1 29055U 06012A   25110.89343412  .00000124  00000+0  00000+0 0  9998
2 29055   0.0250 344.9643 0001140 322.8587 242.2484  1.00269014 41480
ARIRANG-2 (KOMPSAT-2)   
1 29268U 06031A   25111.51725786  .00000778  00000+0  15596-3 0  9998
2 29268  97.8408 311.3415 0013921 336.4664  76.6710 14.64244257999857
ANIK F3                 
1 31102U 07009A   25110.79619674  .00000004  00000+0  00000+0 0  9993
2 31102   0.1025  87.1286 0002510 301.1839 348.7376  1.00270935 42328
ASTRA 1L                
1 31306U 07016A   25111.17904360  .00000125  00000+0  00000+0 0  9993
2 31306   0.2319  76.9567 0003384 318.2939 258.1289  1.00272882 65818
ASTRA 4A                
1 32299U 07057A   25110.89056706  .00000037  00000+0  00000+0 0  9992
2 32299   0.0289 291.1460 0002826 102.0596 141.4311  1.00273733 47417
AMC-14                  
1 32708U 08011A   25110.98340324  .00000078  00000+0  00000+0 0  9995
2 32708  23.4879  25.5987 0044467   0.6801 194.5818  1.00274354 63866
AAUSAT-II               
1 32788U 08021F   25111.47504160  .00355008  00000+0  23570-2 0  9995
2 32788  97.6011 107.6867 0009187 130.1356 230.0714 15.74410640925749
AMOS-3                  
1 32794U 08022A   25111.10300534 -.00000031  00000+0  00000+0 0  9996
2 32794   0.0250 133.5022 0002266 215.8900 253.0030  1.00272916 62213
AMC-21                  
1 33275U 08038B   25110.78201272  .00000042  00000+0  00000+0 0  9991
2 33275   1.8543  85.6820 0002962 311.8320 328.2199  1.00271582 61253
ASTRA 1M                
1 33436U 08057A   25111.17904360  .00000124  00000+0  00000+0 0  9994
2 33436   0.0703  74.7220 0002880   5.2901 213.1189  1.00272481 60240
APRIZESAT 4             
1 35684U 09041D   25111.13510366  .00001418  00000+0  17933-3 0  9994
2 35684  98.1893 172.1056 0042828 248.0583 111.6075 14.82909404848846
APRIZESAT 3             
1 35686U 09041F   25111.30938787  .00003574  00000+0  32567-3 0  9991
2 35686  98.1467 241.5236 0064336  20.3972 339.9794 14.94264963853382
ASIASAT 5               
1 35696U 09042A   25110.90959387 -.00000303  00000+0  00000+0 0  9998
2 35696   0.0214 124.8887 0001631 242.9022 269.4039  1.00270672 57479
AMAZONAS 2              
1 35942U 09054A   25111.16314449 -.00000278  00000+0  00000+0 0  9999
2 35942   0.7198  89.1397 0003414 301.9949 176.2923  1.00270660 56940
ASTRA 3B                
1 36581U 10021A   25110.84419856  .00000142  00000+0  00000+0 0  9996
2 36581   0.3759  89.4951 0003690 312.5444 134.5497  1.00274292 54634
ARABSAT-5A              
1 36745U 10032B   25111.18121561  .00000157  00000+0  00000+0 0  9997
2 36745   0.0752  53.0912 0004757 352.6625 259.4719  1.00273421 54391
AISSAT 1                
1 36797U 10035C   25111.51544227  .00004307  00000+0  40155-3 0  9992
2 36797  98.1418 350.5543 0009754  20.0361 340.1239 14.94768694801309
ALSAT 2A                
1 36798U 10035D   25111.46943169  .00001667  00000+0  26352-3 0  9994
2 36798  97.7677 126.7576 0001937 104.5057 255.6367 14.73564413791687
AEHF-1 (USA 214)        
1 36868U 10039A   25111.54002878  .00000157  00000+0  00000+0 0  9999
2 36868   7.1605  73.4310 0004442 320.4523  40.3303  1.00274169 54218
ASTRA 1N                
1 37775U 11041A   25111.17904360  .00000124  00000+0  00000+0 0  9991
2 37775   0.0862  52.1545 0006030 347.5456 253.4732  1.00272641 50174
APRIZESAT 5             
1 37792U 11044E   25111.32796011  .00002108  00000+0  28120-3 0  9993
2 37792  98.2318  28.3954 0052053 280.7821  78.7532 14.79822018736511
APRIZESAT 6             
1 37793U 11044F   25111.28680991  .00001739  00000+0  25701-3 0  9999
2 37793  98.2655   7.8766 0043864 356.5679 130.2633 14.75965846735048
ARABSAT-5C              
1 37810U 11049B   25111.17921736  .00000127  00000+0  00000+0 0  9998
2 37810   0.0597  19.6821 0002085  35.3320 238.9929  1.00271164 49681
ASIASAT 7               
1 37933U 11069A   25110.91054955 -.00000330  00000+0  00000+0 0  9994
2 37933   0.0175 178.3983 0001304 188.8899 275.2620  1.00270306 40623
APSTAR-7                
1 38107U 12013A   25110.88378083 -.00000098  00000+0  00000+0 0  9996
2 38107   0.0158 194.7980 0002728 210.9056 198.1882  1.00271718 47572
AEHF-2 (USA 235)        
1 38254U 12019A   25110.60079160 -.00000127  00000+0  00000+0 0  9992
2 38254   5.6727  60.2612 0002756 334.0544  14.4176  1.00272109  2749
ARIRANG-3 (KOMPSAT-3)   
1 38338U 12025B   25111.54232045  .00001230  00000+0  25258-3 0  9990
2 38338  98.3021  64.8245 0006950 357.3271   2.7892 14.62421280689839
AEROCUBE 4.5A           
1 38767U 12048K   25110.79352422  .00035751  00000+0  10199-2 0  9991
2 38767  64.6499  31.0591 0101425 287.9866  71.0231 15.30810933307196
ASTRA 2F                
1 38778U 12051A   25110.89517172  .00000154  00000+0  00000+0 0  9999
2 38778   0.0518 252.2442 0001023  42.8331 264.5963  1.00269577 36907
AMAZONAS 3              
1 39078U 13006A   25111.16314449 -.00000279  00000+0  00000+0 0  9996
2 39078   0.0178 196.7051 0001511 166.5715 203.9673  1.00272043 44730
AZERSPACE 1             
1 39079U 13006B   25111.53447661  .00000136  00000+0  00000+0 0  9992
2 39079   0.0327  58.4794 0001326 337.9979  51.7860  1.00269876 44709
ANIK G1                 
1 39127U 13014A   25111.53001956 -.00000071  00000+0  00000+0 0  9997
2 39127   0.0405  64.9803 0002153 306.3478 282.0176  1.00271426 44013
ALPHASAT                
1 39215U 13038A   25111.32272641  .00000139  00000+0  00000+0 0  9993
2 39215   2.9344   4.8166 0002556  60.8748 285.0167  1.00275673 43041
ARIRANG-5 (KOMPSAT-5)   
1 39227U 13042A   25111.50288570  .00003214  00000+0  23368-3 0  9992
2 39227  97.6216 299.0960 0004381 120.5914 239.5745 15.04535436640516
AMOS-4                  
1 39237U 13045A   25110.90600193  .00000011  00000+0  00000+0 0  9994
2 39237   0.0100 182.8904 0003300 193.4610 224.0292  1.00271233 42724
AEHF-3 (USA 246)        
1 39256U 13050A   25111.07905023  .00000037  00000+0  00000+0 0  9998
2 39256   4.2468  70.8116 0087766 179.5395 223.2269  1.00271960 42454
ASTRA 2E                
1 39285U 13056A   25110.89525860  .00000154  00000+0  00000+0 0  9992
2 39285   0.0735 320.0216 0002797  59.7503 180.2389  1.00268978 42189
APRIZESAT 7             
1 39416U 13066A   25111.23150984  .00002888  00000+0  30195-3 0  9997
2 39416  97.7165  67.5740 0037297 167.0043 193.2145 14.89927755618397
APRIZESAT 8             
1 39425U 13066K   25110.82190643  .00001963  00000+0  22511-3 0  9993
2 39425  97.7716  61.0381 0045799 234.2174 125.4780 14.86308938616907
ALICE                   
1 39467U 13072F   25111.14943408  .00007700  00000+0  46157-3 0  9994
2 39467 120.4647 146.9219 0180785 266.3563  91.6810 14.99522338 51789
ABS-2                   
1 39508U 14006A   25110.90446793 -.00000082  00000+0  00000+0 0  9996
2 39508   0.0379  61.0144 0003779 331.2774 217.4882  1.00271656 41088
ATHENA-FIDUS            
1 39509U 14006B   25111.53447661  .00000157  00000+0  00000+0 0  9994
2 39509   0.0152 197.5860 0001553 207.6367  34.8358  1.00270794 41272
AMAZONAS 4A             
1 39616U 14011A   25111.45384226 -.00000249  00000+0  00000+0 0  9990
2 39616   0.0524 167.3442 0002515 239.7236 252.1078  1.00272052 40648
ASTRA 5B                
1 39617U 14011B   25110.89430292  .00000141  00000+0  00000+0 0  9993
2 39617   0.0679 309.6227 0002953  60.1535 184.8946  1.00273182 40433
ALOS-2                  
1 39766U 14029A   25111.51592547  .00003762  00000+0  51063-3 0  9990
2 39766  97.9197 209.7312 0001649 106.6992 253.4401 14.79447541589267
APRIZESAT 9             
1 40018U 14033J   25111.45871200  .00001899  00000+0  29008-3 0  9999
2 40018  97.8459 251.7595 0068451 115.8968 244.9318 14.73373908581575
APRIZESAT 10            
1 40019U 14033K   25111.32197016  .00001735  00000+0  28291-3 0  9994
2 40019  97.9087 244.3428 0079939 180.1213 179.9988 14.70124868580438
AEROCUBE 6A             
1 40045U 14033AM  25111.43842805  .00008273  00000+0  81495-3 0  9997
2 40045  97.6898 280.8990 0042807 344.6953  15.2968 14.91610150583851
AEROCUBE 6B             
1 40046U 14033AN  25110.93504259  .00008657  00000+0  82977-3 0  9992
2 40046  97.6871 279.4625 0041265 339.8690  20.0900 14.92730089583623
AISSAT 2                
1 40075U 14037G   25110.72243375  .00004770  00000+0  49075-3 0  9998
2 40075  98.3533  52.1538 0004513 181.0098 179.1110 14.90823616583740
ASIASAT 8 (AMOS-7)      
1 40107U 14046A   25111.05044675 -.00000340  00000+0  00000+0 0  9994
2 40107   0.0151 222.6808 0001804 122.8390 344.6964  1.00516354 39268
ASIASAT 6               
1 40141U 14052A   25110.91341661 -.00000358  00000+0  00000+0 0  9997
2 40141   0.0143 191.1906 0001029 184.0319 282.7700  1.00272129 38837
ARSAT 1                 
1 40272U 14062B   25111.16078078 -.00000256  00000+0  00000+0 0  9997
2 40272   0.0175 309.8025 0001898  86.6629 159.0978  1.00271384 38657
ASNARO                  
1 40298U 14070A   25111.52341878  .00018672  00000+0  87136-3 0  9994
2 40298  97.3793 192.9069 0007468 162.3764 197.7731 15.19863604579990
ASTRA 2G                
1 40364U 14089A   25111.18078122  .00000154  00000+0  00000+0 0  9996
2 40364   0.0514  15.9174 0004812  33.0440 253.8409  1.00273786 37785
ABS-3A                  
1 40424U 15010A   25111.17461270 -.00000023  00000+0  00000+0 0  9993
2 40424   0.0139 241.9312 0001588  96.1095 291.3297  1.00270056 37131
ASTROSAT                
1 40930U 15052A   25111.38554879  .00003093  00000+0  30387-3 0  9996
2 40930   5.9976 308.6627 0007650 140.3454 219.7233 14.81276237517208
ARSAT 2                 
1 40941U 15054B   25111.16225476 -.00000221  00000+0  00000+0 0  9990
2 40941   0.0158 305.8864 0001735  82.1788 158.8255  1.00271323 35076
AEROCUBE 5C             
1 40965U 15058B   25110.48334150  .00004804  00000+0  41043-3 0  9990
2 40965  64.7667 134.4134 0171204 216.2371 142.7047 14.88172744302689
AEROCUBE 7              
1 40966U 15058C   25111.19358736  .00006018  00000+0  47968-3 0  9997
2 40966  64.7628 122.2092 0163223 215.9248 143.0805 14.91324482302954
APSTAR-9                
1 40982U 15059A   25111.18913946 -.00000262  00000+0  00000+0 0  9993
2 40982   0.0498  39.3894 0001134   5.0034  15.2268  1.00270320 34920
ABS-2A (MONGOLSAT-1)    
1 41588U 16038A   25110.90446793 -.00000080  00000+0  00000+0 0  9992
2 41588   0.0121 236.5260 0001617 103.9840 269.0597  1.00270945 32478
ALSAT 1B                
1 41785U 16059C   25111.52588188  .00000877  00000+0  14797-3 0  9993
2 41785  97.7927 133.3029 0010447 135.2245 224.9808 14.71771864458542
ALSAT 2B                
1 41786U 16059D   25111.45903952  .00001588  00000+0  27269-3 0  9994
2 41786  98.0426 175.6747 0002157 104.4338 255.7108 14.70034168458797
AEROCUBE 8D             
1 41852U 16067E   25111.06293801  .00010136  00000+0  51991-3 0  9997
2 41852  98.1142 305.3475 0005150 138.1044 222.0582 15.16755379461928
AEROCUBE 8C             
1 41853U 16067F   25111.46842875  .00012069  00000+0  61574-3 0  9998
2 41853  98.0982 303.6657 0007320  79.1486 281.0569 15.16881385461970
ARASE (ERG)             
1 41896U 16080A   25110.40368446  .00000281  00000+0  12040-2 0  9996
2 41896  31.3589 175.6863 6977244 149.7753 281.5816  2.57101810 77392
AMAZONAS 5              
1 42934U 17053A   25111.16314449 -.00000279  00000+0  00000+0 0  9997
2 42934   0.0391 311.0814 0004491  51.5830 204.5504  1.00270762 27896
ASIASAT 9               
1 42942U 17057A   25110.91385101 -.00000356  00000+0  00000+0 0  9991
2 42942   0.0161 236.9210 0002740 160.5046 262.9154  1.00274669 27620
ALCOMSAT 1              
1 43039U 17078A   25110.88474608 -.00000181  00000+0  00000+0 0  9995
2 43039   0.0291 111.9955 0001341 262.3981 128.5493  1.00271849 27063
ASNARO-2                
1 43152U 18007A   25111.47819187  .00016954  00000+0  73596-3 0  9993
2 43152  97.4063 119.8055 0001692  83.9690 276.1739 15.22391834403255
AL YAH 3                
1 43174U 18012A   25110.88561488 -.00000151  00000+0  00000+0 0  9994
2 43174   0.4570  88.3936 0004571 306.5970 112.9452  1.00271391 26614
APSTAR-6C               
1 43450U 18041A   25110.91619678 -.00000314  00000+0  00000+0 0  9993
2 43450   0.0382 333.6353 0001350  10.2559 329.2023  1.00270837 25576
AZERSPACE 2 (IS-38)     
1 43632U 18074A   25111.53447661  .00000140  00000+0  00000+0 0  9997
2 43632   0.0190 247.3625 0001451 147.4394  52.5687  1.00271170 24213
AEHF-4 (USA 288)        
1 43651U 18079A   25110.87631869 -.00000272  00000+0  00000+0 0  9991
2 43651   1.5222 341.4247 0050883   8.1370 107.5927  1.00274082 24068
AUTCUBE 2               
1 43681U 18084K   25111.47317324  .00006539  00000+0  45566-3 0  9995
2 43681  98.0843 291.1251 0010230  34.3124 325.8760 15.05754864353377
AISTECHSAT 2            
1 43768U 18099L   25111.09547930  .00008156  00000+0  50911-3 0  9990
2 43768  97.4874 163.5130 0004052 328.9025  31.1964 15.09742366348471
ASTROCAST 0.1           
1 43798U 18099AS  25110.61569990  .00021805  00000+0  82824-3 0  9994
2 43798  97.4874 177.9235 0006408 288.4401  71.6140 15.26814916349548
AL-FARABI 2             
1 43805U 18099AZ  25110.13161791  .00034150  00000+0  11567-2 0  9999
2 43805  97.4586 173.9220 0005538 295.2253  64.8413 15.30485836349458
ARABSAT-6A              
1 44186U 19021A   25110.93933734  .00000158  00000+0  00000+0 0  9998
2 44186   0.0538 327.9066 0002736 103.1246 146.8613  1.00281351 21923
AT&T T-16               
1 44333U 19034A   25111.08382865 -.00000111  00000+0  00000+0 0  9996
2 44333   0.0304  62.0074 0000611  95.0496 341.6813  1.00271332 21396
AMOS-17                 
1 44479U 19050A   25111.17860920  .00000113  00000+0  00000+0 0  9999
2 44479   0.0198 344.2366 0002249  58.6075 247.9591  1.00271236 20948
AEHF-5 (USA 292)        
1 44481U 19051A   25110.90733498 -.00000230  00000+0  00000+0 0  9993
2 44481   2.0945 314.0512 0057437  15.1393 296.6723  1.00268726 21029
ANGELS                  
1 44876U 19092D   25110.51622496  .00034616  00000+0  82641-3 0  9997
2 44876  97.4613 307.7619 0005927 308.2918  51.7795 15.41437053296428
AEHF-6 (USA 298)        
1 45465U 20022B   25110.91697870 -.00000298  00000+0  00000+0 0  9994
2 45465   3.5037 298.2688 0045696  13.9435   4.9108  1.00273005 18786
ANDESITE                
1 45726U 20037D   25110.79495447  .00006071  00000+0  46184-3 0  9993
2 45726  97.7894 295.7382 0010082 156.1524 204.0169 15.02456439262170
APSTAR-6D               
1 45863U 20045A   25110.91619678 -.00000314  00000+0  00000+0 0  9990
2 45863   0.0484  82.4147 0002746  10.3121 220.3927  1.00270208 17628
ATHENA                  
1 46275U 20061D   25111.16361314  .00014314  00000+0  39726-3 0  9990
2 46275  97.2478 174.3362 0002639 107.0683 253.0851 15.37008004257099
ASTROCAST-0101          
1 47430U 21006T   25110.87444599  .00022569  00000+0  51623-3 0  9999
2 47430  97.2937 167.4707 0005179 204.1317 155.9689 15.42813941235347
ASTROCAST-0103          
1 47487U 21006CC  25111.15975482  .00028779  00000+0  62204-3 0  9999
2 47487  97.3068 169.3145 0004499 207.2771 152.8242 15.44454790235395
ASTROCAST-0105          
1 47517U 21006DH  25111.08651845  .00023441  00000+0  53710-3 0  9992
2 47517  97.2792 164.0744 0002771 172.4488 187.6802 15.42763339235273
ASTROCAST-0104          
1 47519U 21006DK  25110.59146265  .00026826  00000+0  61230-3 0  9990
2 47519  97.2997 167.4828 0004629 197.4270 162.6820 15.42845596235271
AMAZONIA 1              
1 47699U 21015A   25110.66609163  .00000488  00000+0  16568-3 0  9998
2 47699  98.3604 186.8141 0001742  74.7350 285.4032 14.40878238217803
ARKTIKA-M 1             
1 47719U 21016A   25110.30639292  .00000096  00000+0  00000+0 0  9994
2 47719  63.1432 115.0402 7079648 268.5583  16.8406  2.00605336 30306
AII-BRAVO               
1 48270U 21034C   25111.15172149  .00006069  00000+0  50793-3 0  9998
2 48270  97.6072 170.7874 0003371 215.9558 144.1439 14.98809034216301
ARTHUR-1                
1 48953U 21059CC  25111.48696495  .00052759  00000+0  75775-3 0  9998
2 48953  97.6694 281.8063 0005062  45.7864 314.3805 15.55935503212737
ASTROCAST-0201          
1 48954U 21059CD  25111.42341118  .00048607  00000+0  82437-3 0  9992
2 48954  97.6537 276.6312 0006856  95.6964 264.5069 15.51338017212461
ASTROCAST-0203          
1 48955U 21059CE  25111.37752618  .00048006  00000+0  81209-3 0  9997
2 48955  97.6553 276.1123 0006280  85.7001 274.4968 15.51417391212458
ASTROCAST-0205          
1 48960U 21059CK  25111.40104064  .00043412  00000+0  74297-3 0  9998
2 48960  97.6519 276.4255 0007040  43.4104 316.7700 15.51106806212466
ASTROCAST-0202          
1 48961U 21059CL  25111.42585341  .00669401  00000+0  27427-2 0  9996
2 48961  97.6351 281.8995 0008321 295.1167  64.9238 15.84364221212810
ASCENT                  
1 51287U 21118E   25110.53680018  .00000014  00000+0  00000+0 0  9999
2 51287   3.0986  82.7763 0002706  96.6089 263.5215  1.01237378 12040
ARCSAT-1                
1 52161U 22033E   25110.21906658  .00014012  00000+0  32441-3 0  9995
2 52161  97.2921 194.5100 0004466 299.8698  60.2106 15.42554746170284
ARMSAT1 URDANETA        
1 52765U 22057AK  25111.48886445  .00043448  00000+0  65189-3 0  9992
2 52765  97.6065 257.2793 0007077 105.1339 255.0697 15.54769725162080
ASO-S                   
1 54029U 22129A   25111.50331661  .00000539  00000+0  14492-3 0  9990
2 54029  98.2735 117.7780 0013238 312.6987  47.3093 14.51821159134236
ANGOSAT 2               
1 54033U 22131A   25110.89421604  .00000139  00000+0  00000+0 0  9998
2 54033   0.0170 211.4775 0001815 256.8708  85.7861  1.00271182  9234
ASTROCAST-0304          
1 54367U 22158G   25111.46975817  .00093218  00000+0  11114-2 0  9992
2 54367  97.4334 227.4007 0003758  24.0555 336.0877 15.60758604134322
ASTROCAST-0302          
1 54369U 22158J   25111.51606316  .00077279  00000+0  10634-2 0  9990
2 54369  97.4413 227.6892 0002754  73.4864 286.6694 15.57006199134331
ASTROCAST-0301          
1 54370U 22158K   25111.49644160  .00121096  00000+0  16676-2 0  9997
2 54370  97.4478 227.9691 0003913  76.2600 283.9090 15.56821812134337
AAC-AIS-SAT1            
1 55107U 23001DC  25111.49501922  .00008803  00000+0  99111-3 0  9998
2 55107  97.9595 181.7161 0009846 218.1005 141.9515 14.86855064115519
ASTROCAST-0402          
1 55109U 23001DE  25110.93421261  .00009827  00000+0  45436-3 0  9993
2 55109  97.5741 195.1503 0004098 281.4713  78.6062 15.20365094 80211
ASTROCAST-0401          
1 55110U 23001DF  25111.21226223  .00010990  00000+0  50759-3 0  9995
2 55110  97.5743 195.4429 0008638 238.9888 121.0499 15.20343376126935
ASTROCAST-0403          
1 55111U 23001DG  25111.23638995  .00010988  00000+0  50772-3 0  9993
2 55111  97.5791 195.6635 0006240  28.1455 332.0116 15.20343602 80252
ASTROCAST-0404          
1 55112U 23001DH  25111.18419624  .00010619  00000+0  48997-3 0  9991
2 55112  97.5815 195.9493 0008310  44.7028 315.4876 15.20390356 80251
APSTAR-6E               
1 55239U 23005A   25111.34462027 -.00000314  00000+0  00000+0 0  9999
2 55239   0.0142 207.6739 0000932 345.8997 274.1884  1.00271554 24102
APSTAR-6E SPS           
1 55447U 23005C   25110.65661663  .00000024  00000+0  75374-3 0  9997
2 55447  28.6438 207.9704 2279618 305.5656  35.2681  7.60537262 61709
AMAZONAS NEXUS          
1 55508U 23017A   25111.49419771 -.00000279  00000+0  00000+0 0  9995
2 55508   0.0189  33.9069 0005440   3.3773 289.4451  1.00266912  8029
AAC-HSI-SAT1            
1 56225U 23054AZ  25111.48164810  .00004543  00000+0  28239-3 0  9998
2 56225  97.4264 356.5448 0011614 133.5787 226.6409 15.10076852111676
ARCTURUS                
1 56371U 23060B   25111.40438497 -.00000221  00000+0  00000+0 0  9996
2 56371   1.6890  85.1401 0000439  16.4117 172.8972  1.00272147  7213
ARABSAT-7B (BADR-8)     
1 56757U 23075A   25111.18034681  .00000148  00000+0  00000+0 0  9999
2 56757   0.0774  31.8174 0005156 339.2989 289.3194  1.00271833  6898
AFRL-XVI                
1 56942U 23084L   25110.79438643  .00043101  00000+0  65607-3 0  9991
2 56942  97.5603 246.3618 0002393 359.7834   0.3418 15.54399956103538
AFR-1                   
1 56964U 23084AJ  25111.52500339  .00008190  00000+0  34632-3 0  9992
2 56964  97.5723 236.2946 0012021  27.3821 332.8047 15.23420790102920
AYRIS-2                 
1 56986U 23084BG  25111.30938243  .00367841  00000+0  13502-2 0  9994
2 56986  97.5442 248.9705 0008181 287.7690  72.2688 15.87368384103762
AYRIS-1                 
1 56988U 23084BJ  25111.56043509  .00567821  00000+0  20432-2 0  9996
2 56988  97.5443 249.1447 0002685 197.5080 162.6098 15.87344580103801
AAC-HSI-SAT2            
1 56995U 23084BX  25111.51473900  .00007854  00000+0  40790-3 0  9996
2 56995  97.7672 243.8556 0013376 196.1246 163.9562 15.16316052102359
AAC-AIS-SAT2            
1 56996U 23084BY  25111.54421153  .00005469  00000+0  67391-3 0  9999
2 56996  98.0927 239.2356 0061062  27.5538 332.8889 14.82018485 90851
AVION KALUGA 650        
1 57195U 23091AF  25111.53077562  .00008939  00000+0  48661-3 0  9993
2 57195  97.5669 168.0114 0013269 130.5398 229.6992 15.14593925100084
A-SEANSAT-PG1           
1 57197U 23091AH  25111.47183349  .00019521  00000+0  84313-3 0  9992
2 57197  97.5627 170.5346 0011566 125.9644 234.2667 15.22479001100263
ARCCUBE 1 (RS25S)       
1 57205U 23091AR  25111.49948267  .00066333  00000+0  16296-2 0  9999
2 57205  97.5519 175.3401 0007735 121.0373 239.1633 15.40396983100609
ANSER-FLW2              
1 58018U 23155C   25111.48538616  .00016415  00000+0  70055-3 0  9995
2 58018  97.5868 186.3503 0002114 130.8400 229.3020 15.22980601 84393
ANSER-FLW1              
1 58019U 23155D   25111.48559806  .00021265  00000+0  90574-3 0  9997
2 58019  97.5929 186.7139 0004543 135.6855 224.4745 15.22985486 84392
AETHER-1                
1 58281U 23174AB  25110.93597982  .00028363  00000+0  94432-3 0  9998
2 58281  97.4198 189.9855 0008057 219.3719 140.6937 15.31064969 80621
AETHER-2                
1 58299U 23174AV  25111.16067918  .00009086  00000+0  33797-3 0  9992
2 58299  97.4201 189.9874 0008151 201.1706 158.9197 15.27705844 80658
ALISIO-1                
1 58562U 23185M   25111.15702868  .00005925  00000+0  34356-3 0  9996
2 58562  97.5795 181.9903 0005862 347.3994  12.7089 15.12537126 74664
ARKTIKA-M 2             
1 58584U 23198A   25110.54601212  .00000169  00000+0  00000+0 0  9997
2 58584  63.2282 200.6974 6880519 269.0363  18.3445  2.00609970  9848
AAC-HSI-SAT3            
1 58848U 23174DH  25111.17121574  .00005641  00000+0  32400-3 0  9995
2 58848  97.3932 178.8578 0012155  40.1577 320.0550 15.12841240 80034
ADRAS-J                 
1 58992U 24034A   25111.47888268  .00006204  00000+0  50634-3 0  9999
2 58992  98.2470 106.3351 0042260 108.4839 252.0982 14.99119817 63974
AAC-AIS-SAT3            
1 58997U 23174DJ  25111.51056492  .00007857  00000+0  10270-2 0  9995
2 58997  97.6768 173.1216 0005503 255.4378 104.6225 14.80698189 78695
APEX ARIES 1            
1 59129U 24043AH  25111.36012713  .00023504  00000+0  69745-3 0  9999
2 59129  97.5000 241.9460 0007553 276.0455  83.9927 15.34787038 62826
AEROCUBE 16A            
1 59290U 24053C   25110.88539011  .00015463  00000+0  52758-3 0  9991
2 59290  49.9946 289.0264 0003592  29.5323 330.5837 15.30457293 56168
AEROCUBE 16B            
1 59291U 24053D   25110.88660485  .00016745  00000+0  57031-3 0  9995
2 59291  49.9970 289.0813 0003499  26.6766 333.4371 15.30453383 56241
ACS3                    
1 59588U 24077B   25111.46617278  .00010389  00000+0  10418-1 0  9991
2 59588  97.4828 117.7686 0052957  82.1503 278.5660 13.77099726 49680
ASTRA 1P (SES-24)       
1 60086U 24115A   25111.03617856  .00000124  00000+0  00000+0 0  9994
2 60086   0.0784 316.4804 0004129  19.4938 265.6193  1.00271012  3095
ALOS-4 (DAICHI-4)       
1 60182U 24123A   25111.53531878  .00003860  00000+0  52344-3 0  9996
2 60182  97.9199 209.7553 0001623 101.5659 258.5735 14.79474013 43533
ARCTIC WEATHER SATELLITE
1 60543U 24149CD  25111.22421720  .00002338  00000+0  24957-3 0  9993
2 60543  97.7187 187.5992 0003630  80.9633 279.1996 14.89764071 36842
ARCTICSAT 1 (RS74S)     
1 61762U 24199AD  25111.53705901  .00036084  00000+0  10546-2 0  9995
2 61762  97.3636 340.9899 0011117   4.0965 356.0368 15.35141616 72615
ALTAIR (RS65S)          
1 61779U 24199AW  25111.57169163  .00014448  00000+0  52976-3 0  9995
2 61779  97.3633 340.0072 0016237  18.1604 342.0212 15.27962541 72553
ASRTU-1 (AO-123)        
1 61781U 24199AY  25111.53048190  .00011527  00000+0  42848-3 0  9992
2 61781  97.3624 339.9020 0016477  18.3001 341.8828 15.27563085 69393
ASTRANIS UTILITYSAT     
1 62454U 24252A   25108.13081084 -.00000442  00000+0  00000+0 0  9996
2 62454   8.6796 347.5873 7472541 202.6690  88.1047  1.01806544  1155
AGILA                   
1 62456U 24252C   25108.86388889 -.00000304  00000+0  00000+0 0  9998
2 62456   2.4509 329.8451 5144732 216.4919 318.1795  0.78373422  1084
AEROCUBE 18A            
1 63220U 25052L   25110.65226314  .00009553  00000+0  47294-3 0  9995
2 63220  97.4429   5.3719 0005501 144.4551 215.7051 15.17984986  5666
AEROCUBE 18B            
1 63222U 25052N   25110.65516869  .00009525  00000+0  47277-3 0  9994
2 63222  97.4438   5.3722 0005895 149.8679 210.2895 15.17890737  5664
AL MUNTHER              
1 63240U 25052AG  25111.26529763  .00016103  00000+0  80419-3 0  9994
2 63240  97.4365   5.8995 0008250 180.3475 179.7754 15.17531873  5758
