BSAT-2A                 
1 26720U 01011B   25110.70294962 -.00000294  00000+0  00000+0 0  9992
2 26720   9.8329  51.2332 0002754 220.9177 329.0468  0.99180762 87786
BEIJING 1               
1 28890U 05043A   25111.53198878  .00000852  00000+0  17491-3 0  9997
2 28890  98.2344 238.9734 0015239 156.9558 203.2330 14.63108063 38965
BADR-4                  
1 29526U 06051A   25111.18043369  .00000150  00000+0  00000+0 0  9994
2 29526   0.9125  85.2668 0006356 292.2567 283.1999  1.00273844 67655
BSAT-3A                 
1 32019U 07036B   25111.19955657 -.00000288  00000+0  00000+0 0  9995
2 32019   0.5624 104.0660 0001228  58.1893 265.8578  0.99144042 64822
BEESAT-1                
1 35933U 09051C   25111.21574659  .00001819  00000+0  38389-3 0  9999
2 35933  98.4282   6.9598 0006729  95.6572 264.5395 14.60618305827648
BEIDOU-2 G1             
1 36287U 10001A   25110.91749999 -.00000274  00000+0  00000+0 0  9996
2 36287   3.3085  60.5272 0004250 303.7628 315.7074  1.00273230 55936
BEIDOU-2 G3             
1 36590U 10024A   25111.47659056 -.00000129  00000+0  00000+0 0  9993
2 36590   3.5188  62.3697 0009026 335.5707  63.0237  1.00273570 54555
BADR-5                  
1 36592U 10025A   25111.54002878  .00000148  00000+0  00000+0 0  9998
2 36592   0.0428 121.6488 0003105 316.6294 351.9875  1.00270029 54672
BEIDOU-2 IGSO-1         
1 36828U 10036A   25110.81700934 -.00000098  00000+0  00000+0 0  9994
2 36828  54.2666 166.7793 0049032 215.9337 225.7669  1.00293888 53997
BSAT-3B                 
1 37207U 10056B   25110.91141836 -.00000346  00000+0  00000+0 0  9995
2 37207   0.0208 186.3578 0000087 353.8485 106.9902  1.00271303 47869
BEIDOU-2 G4             
1 37210U 10057A   25111.13558549 -.00000108  00000+0  00000+0 0  9994
2 37210   2.5988  70.4388 0005142 205.3450 142.4065  1.00270410 53058
BEIDOU-2 IGSO-2         
1 37256U 10068A   25110.99933453 -.00000180  00000+0  00000+0 0  9990
2 37256  48.3136 277.0476 0040585 210.7374 187.2259  1.00253553 52554
BEIDOU-2 IGSO-3         
1 37384U 11013A   25110.52353498 -.00000178  00000+0  00000+0 0  9994
2 37384  61.8080  44.1601 0029988 181.1078 280.5169  1.00280844 51428
BEIDOU-2 IGSO-4         
1 37763U 11038A   25110.62285920 -.00000013  00000+0  00000+0 0  9995
2 37763  54.5698 169.4523 0141485 230.5543 126.1753  1.00289186 50409
BSAT-3C (JCSAT-110R)    
1 37776U 11041B   25111.48258529 -.00000347  00000+0  00000+0 0  9993
2 37776   0.0498  60.8396 0000161 278.2269 154.4380  1.00272490 50295
BEIDOU-2 IGSO-5         
1 37948U 11073A   25110.90889883 -.00000135  00000+0  00000+0 0  9993
2 37948  48.4505 276.7510 0102627 219.1765 135.5927  1.00261489 49169
BEIDOU-2 G5             
1 38091U 12008A   25111.51934706  .00000062  00000+0  00000+0 0  9993
2 38091   2.5220  71.2417 0011466 262.7115 121.5854  1.00274245 48258
BEIDOU-2 M3             
1 38250U 12018A   25111.14230484 -.00000030  00000+0  00000+0 0  9998
2 38250  56.1114 319.0598 0020659 272.0581  87.7373  1.86233661 88434
BEIDOU-2 M4             
1 38251U 12018B   25111.07396057 -.00000030  00000+0  00000+0 0  9990
2 38251  56.0159 318.3100 0011620 277.4177  82.4814  1.86232093 88432
BEIDOU-2 M6             
1 38775U 12050B   25111.32090685  .00000030  00000+0  00000+0 0  9992
2 38775  56.1741  76.8840 0014630 339.9511  19.9762  1.86231003 85803
BEIDOU-2 G6             
1 38953U 12059A   25110.88336417 -.00000169  00000+0  00000+0 0  9999
2 38953   3.3463  77.8442 0010608 309.2775 224.0452  1.00275178 45671
BRITE-AUSTRIA           
1 39091U 13009F   25111.08037426  .00000411  00000+0  15508-3 0  9992
2 39091  98.3887 296.3365 0011307  64.0926 296.1425 14.36277006636460
BUGSAT-1 (TITA)         
1 40014U 14033E   25110.93027177  .00007746  00000+0  47189-3 0  9990
2 40014  98.0773 174.7933 0031897 174.8862 185.2698 15.10264993591995
BRITE-CA1 (TORONTO)     
1 40020U 14033L   25111.41115550  .00002818  00000+0  44021-3 0  9991
2 40020  97.9171 244.9276 0080371 186.0291 173.9957 14.71453742580273
BRITE-PL2 (HEWELIUSZ)   
1 40119U 14049B   25111.20822814  .00003710  00000+0  36814-3 0  9995
2 40119  97.8843 216.3600 0015781  70.7071 289.5853 14.92294578578559
BEIDOU-3S IGSO-1S       
1 40549U 15019A   25110.83774718 -.00000141  00000+0  00000+0 0  9997
2 40549  49.9957 300.5331 0037854 191.3377 112.0514  1.00290474 36831
BEIDOU-3S M2S           
1 40748U 15037A   25109.12866177 -.00000037  00000+0  00000+0 0  9993
2 40748  55.2400 316.6033 0007978 265.2452  94.6899  1.86229199 66228
BEIDOU-3S M1S           
1 40749U 15037B   25111.00093060 -.00000029  00000+0  00000+0 0  9998
2 40749  55.2349 316.5319 0004178  21.8265 338.2199  1.86253812 66245
BEIDOU-3S IGSO-2S       
1 40938U 15053A   25110.72651671 -.00000127  00000+0  00000+0 0  9991
2 40938  49.8797 263.7926 0057416 186.6739 116.0282  1.00280701 35117
BISONSAT                
1 40974U 15058L   25111.30988575  .00013296  00000+0  79093-3 0  9999
2 40974  64.7631  85.3199 0129067 212.8591 146.4458 15.04708679 51905
BADR-7 (ARABSAT-6B)     
1 41029U 15065B   25111.18034681  .00000149  00000+0  00000+0 0  9996
2 41029   0.0461 243.8170 0002348 355.5216  61.1012  1.00273046 34672
BELINTERSAT-1           
1 41238U 16001A   25111.52891870  .00000110  00000+0  00000+0 0  9996
2 41238   0.0626  64.5982 0001118 186.3688 200.7733  1.00272563 34004
BEIDOU-2 IGSO-6         
1 41434U 16021A   25106.80016405 -.00000146  00000+0  00000+0 0  9994
2 41434  59.6259  42.2943 0052380 229.9104 314.1715  1.00256979 33202
BEIDOU-2 G7             
1 41586U 16037A   25110.91150524 -.00000349  00000+0  00000+0 0  9992
2 41586   1.6242  68.1274 0010299 338.6852 241.0948  1.00274296  2657
BRISAT                  
1 41591U 16039A   25111.50947507 -.00000194  00000+0  00000+0 0  9999
2 41591   0.0202 242.9625 0002166 147.7231 153.0422  1.00268792 32418
BIROS                   
1 41604U 16040F   25110.07445340  .00039562  00000+0  51357-3 0  9990
2 41604  97.0919 139.0031 0005437  27.9373 332.2175 15.58714424491625
BULGARIASAT-1           
1 42801U 17038A   25111.31838240  .00000016  00000+0  00000+0 0  9998
2 42801   0.0348  83.1565 0003519 323.3118 279.6949  1.00277131 28670
BSAT-4A                 
1 42951U 17059B   25111.04489179 -.00000346  00000+0  00000+0 0  9997
2 42951   0.0800  62.6784 0004428 338.0666 294.6218  1.00273965 27727
BEIDOU-3 M1             
1 43001U 17069A   25111.08661935  .00000030  00000+0  00000+0 0  9990
2 43001  56.3226  77.0286 0012333 309.7568  50.1193  1.86231271 50740
BEIDOU-3 M2             
1 43002U 17069B   25111.02446892  .00000030  00000+0  00000+0 0  9998
2 43002  56.3223  77.0661 0010155 330.1846  29.7422  1.86230827 50734
BEIDOU-3 M7             
1 43107U 18003A   25109.15989277 -.00000039  00000+0  00000+0 0  9993
2 43107  54.6983 317.0586 0004994  72.2424 287.8386  1.86232522 49454
BEIDOU-3 M8             
1 43108U 18003B   25110.71369994 -.00000032  00000+0  00000+0 0  9999
2 43108  54.6904 316.9888 0002513 279.2208  80.7789  1.86230957 49496
BEIDOU-3 M4             
1 43207U 18018A   25111.15479240  .00000031  00000+0  00000+0 0  9998
2 43207  56.2816  77.1049 0007470 350.5562   9.4146  1.86231168 48886
BEIDOU-3 M3             
1 43208U 18018B   25111.22131552  .00000031  00000+0  00000+0 0  9998
2 43208  56.2810  77.1068 0010065 320.3114  39.5998  1.86231162 48887
BEIDOU-3 M9             
1 43245U 18029A   25110.90284803 -.00000029  00000+0  00000+0 0  9991
2 43245  54.5718 314.6762 0000639  43.3275 316.7032  1.86232664 48036
BEIDOU-3 M10            
1 43246U 18029B   25108.68659888 -.00000038  00000+0  00000+0 0  9993
2 43246  54.5708 314.7798 0004768  24.1977 335.8479  1.86229125 47976
BANGABANDHUSAT-1        
1 43463U 18044A   25110.89281025 -.00000358  00000+0  00000+0 0  9996
2 43463   0.0172 211.4823 0002426 182.8902 255.3589  1.00271071 25471
BEIDOU-2 IGSO-7         
1 43539U 18057A   25111.54714859 -.00000108  00000+0  00000+0 0  9996
2 43539  55.1579 166.7128 0088072 235.8863 117.6229  1.00274178 24890
BEIDOU-3 M5             
1 43581U 18062A   25111.05982161  .00000009  00000+0  00000+0 0  9997
2 43581  54.1020 196.6569 0003643 280.7006  79.3045  1.86228667 45773
BEIDOU-3 M6             
1 43582U 18062B   25111.46109064  .00000009  00000+0  00000+0 0  9996
2 43582  54.1018 196.6325 0004616  25.2801 334.7879  1.86229399 45784
BEIDOU-3 M12            
1 43602U 18067A   25111.39638709  .00000010  00000+0  00000+0 0  9991
2 43602  54.1943 195.3442 0007393  30.0922 329.9978  1.86227852 45264
BEIDOU-3 M11            
1 43603U 18067B   25110.99331798  .00000010  00000+0  00000+0 0  9995
2 43603  54.1915 195.3223 0004056  18.6241 341.4390  1.86227302 45289
BEIDOU-3 M13            
1 43622U 18072A   25110.41549859  .00000027  00000+0  00000+0 0  9996
2 43622  56.2537  76.6512 0008858 309.8067  50.0990  1.86231270 44782
BEIDOU-3 M14            
1 43623U 18072B   25111.35488935  .00000030  00000+0  00000+0 0  9992
2 43623  56.2563  76.6136 0006753 332.0134  27.9351  1.86231275 44799
BEIDOU-3 M16            
1 43647U 18078A   25110.97838784 -.00000029  00000+0  00000+0 0  9991
2 43647  54.4676 314.7458 0008007  28.4548 331.6148  1.86232287 44302
BEIDOU-3 M15            
1 43648U 18078B   25110.57068488 -.00000030  00000+0  00000+0 0  9996
2 43648  54.4637 314.7618 0005071  39.5335 320.5288  1.86232251 44306
BEIDOU-3 G1             
1 43683U 18085A   25111.55546168 -.00000272  00000+0  00000+0 0  9996
2 43683   2.9628  99.5321 0004171   6.3620  84.0217  1.00273732 23824
BEIDOU-3 M17            
1 43706U 18093A   25110.72530592  .00000009  00000+0  00000+0 0  9990
2 43706  54.1853 196.6295 0008496 285.4233  74.5297  1.86228387 43657
BEIDOU-3 M18            
1 43707U 18093B   25110.58817055  .00000009  00000+0  00000+0 0  9997
2 43707  54.1860 196.6259 0006636 318.3080  41.6886  1.86229839 43669
BRIO                    
1 43813U 18099BH  25110.62130922  .00153947  00000+0  19346-2 0  9993
2 43813  97.5191 190.4739 0004210 245.0474 115.0345 15.59158985349730
BEIDOU-3 IGSO-1         
1 44204U 19023A   25111.53822584 -.00000212  00000+0  00000+0 0  9990
2 44204  58.0979  42.0086 0021054 226.2708 253.8130  1.00262425 22135
BEIDOU-2 G8             
1 44231U 19027A   25110.91828191 -.00000242  00000+0  00000+0 0  9998
2 44231   1.5457  74.8121 0005104 257.5692 351.9935  1.00273272 21841
BUFENG 1A               
1 44310U 19032A   25111.53896371  .00016425  00000+0  81952-3 0  9994
2 44310  44.9758 182.0784 0011585 359.9226   0.1650 15.17328204322920
BUFENG 1B               
1 44311U 19032B   25111.48680368  .00012132  00000+0  60128-3 0  9999
2 44311  44.9752 134.8429 0033190  68.1357 292.3046 15.17371893323484
BEIDOU-3 IGSO-2         
1 44337U 19035A   25110.75753465 -.00000107  00000+0  00000+0 0  9997
2 44337  55.2003 162.5714 0035757 208.6867 229.2206  1.00289090 21463
BRO-1                   
1 44495U 19054A   25111.53580530  .00031191  00000+0  76351-3 0  9993
2 44495  45.0073 172.9539 0003700 359.7957   0.2929 15.40274264314137
BNU-1 (JINGSHI 1)       
1 44529U 19059B   25111.45087290  .00001341  00000+0  37532-3 0  9994
2 44529  98.5581 229.1395 0012904 204.9443 155.1127 14.47714448295951
BEIDOU-3 M24            
1 44542U 19061A   25110.12192856  .00000010  00000+0  00000+0 0  9998
2 44542  54.4130 196.9969 0007561   1.7186 358.3318  1.86228957 37918
BEIDOU-3 M23            
1 44543U 19061B   25111.41844936  .00000009  00000+0  00000+0 0  9993
2 44543  54.4115 196.9220 0004526 345.0185  76.9879  1.86229219 37932
BEIDOU-3 IGSO-3         
1 44709U 19073A   25110.88012000 -.00000161  00000+0  00000+0 0  9999
2 44709  55.5254 285.4448 0043329 181.6872 178.2490  1.00262763 20203
BEIDOU-3 M22            
1 44793U 19078A   25111.03873354 -.00000029  00000+0  00000+0 0  9995
2 44793  54.3147 314.6380 0007022  35.7210 324.3517  1.86232105 36795
BEIDOU-3 M21            
1 44794U 19078B   25110.09696967 -.00000032  00000+0  00000+0 0  9998
2 44794  54.2888 314.6405 0005007  32.9940 327.0616  1.86227777 36772
BEIDOU-3 M19            
1 44864U 19090A   25111.56546106  .00000030  00000+0  00000+0 0  9999
2 44864  56.1884  76.7678 0019784 289.3729 168.5884  1.86231526 36373
BEIDOU-3 M20            
1 44865U 19090B   25111.42145431  .00000030  00000+0  00000+0 0  9991
2 44865  56.1899  76.8065 0017570 301.4340 149.6476  1.86231460 36359
BEIDOU-3 G2             
1 45344U 20017A   25111.47667743 -.00000136  00000+0  00000+0 0  9993
2 45344   2.7758  39.1706 0002729 342.7555  79.5072  1.00272544 19047
BEIDOU-3 G3             
1 45807U 20040A   25110.91150524 -.00000349  00000+0  00000+0 0  9991
2 45807   1.4267  62.5431 0002630 320.5998 264.7377  1.00276486 17833
BSAT-4B                 
1 46112U 20056A   25111.58617587 -.00000347  00000+0  00000+0 0  9997
2 46112   0.0786 105.0162 0003154 348.3177  77.4230  1.00269939 17176
BRIK-II                 
1 48876U 21058F   25110.05659350  .00043690  00000+0  55461-3 0  9996
2 48876  60.6651   0.0743 0005432 128.5486 231.6106 15.59122622212493
BRO-5                   
1 51061U 22002CF  25111.42819223  .00013491  00000+0  39760-3 0  9995
2 51061  97.3486 179.4315 0007666  62.5679 297.6343 15.35117651181337
BRO-7                   
1 52174U 22033T   25111.54195509  .00232171  00000+0  16441-2 0  9990
2 52174  97.2957 207.3852 0006274 231.6680 128.4020 15.73268754171242
BRO-6                   
1 52422U 22047AE  25111.46026581  .00017268  00000+0  51604-3 0  9994
2 52422  97.3645 194.7775 0006931 143.2205 216.9515 15.34629650166202
BEIJING-3B              
1 53587U 22103A   25111.50030934  .00003154  00000+0  35041-3 0  9998
2 53587  97.8351 190.2278 0022945 351.9443   8.1402 14.87726683144414
BLUEWALKER-3            
1 53807U 22111AL  25110.64422086  .00008923  00000+0  29372-3 0  9998
2 53807  53.2312 208.8191 0006563 321.7667  38.2869 15.32266509145298
BRO-8                   
1 55011U 23001C   25111.52879225  .00024750  00000+0  90755-3 0  9994
2 55011  97.3813 171.4809 0009555 186.6071 173.5044 15.27929241127431
BIRKELAND               
1 55015U 23001G   25111.52502126  .00021500  00000+0  71116-3 0  9991
2 55015  97.3856 174.7994 0008842 164.8992 195.2515 15.31326139127640
BB 2                    
1 56170U 23050J   25111.55274361  .00000107  00000+0  93338-4 0  9999
2 56170  80.9993 122.3293 0009438 358.5732   1.5392 13.79342947103348
BB 1                    
1 56171U 23050K   25111.12153051  .00000102  00000+0  88339-4 0  9995
2 56171  80.9990 122.5725 0014954 357.1870   2.9196 13.79333947103296
BRO-9                   
1 56185U 23054H   25111.50503817  .00026619  00000+0  54766-3 0  9992
2 56185  97.3284  12.5468 0007109 126.5498 233.6407 15.45908201113351
BEIDOU-3 G4             
1 56564U 23066A   25110.84990706 -.00000109  00000+0  00000+0 0  9994
2 56564   1.3641 291.1993 0003129 199.6248 184.2965  1.00273077  7167
BLACKJACK ACES-3        
1 56950U 23084U   25110.77196678  .00013237  00000+0  59449-3 0  9991
2 56950  97.5670 237.8406 0007138  23.1418 337.0137 15.21268680102971
BLACKJACK ACES-4        
1 56952U 23084W   25111.33913084  .00055753  00000+0  10275-2 0  9996
2 56952  97.5651 243.4821 0003896 353.4087   6.7111 15.48960135103396
BLACKJACK ACES-2        
1 56955U 23084Z   25111.33895854  .00016273  00000+0  72288-3 0  9990
2 56955  97.5675 238.5631 0007600  25.8082 334.3531 15.21593126103075
BLACKJACK ACES-1        
1 56956U 23084AA  25111.37796440  .00016816  00000+0  74567-3 0  9991
2 56956  97.5643 238.3752 0007279  27.0450 333.1163 15.21650115103078
BB4                     
1 57757U 23133B   25111.21845926  .00000342  00000+0  29439-3 0  9998
2 57757  81.0005  52.2601 0011138  59.5342 300.6913 13.84686359 82617
BB3                     
1 57760U 23133D   25111.21288396  .00000351  00000+0  30251-3 0  9998
2 57760  81.0004  52.4139 0010277  62.7783 297.4419 13.84676807 82606
BRO-11                  
1 58264U 23174J   25111.49109906  .00006661  00000+0  29457-3 0  9998
2 58264  97.4278 187.8367 0010167 247.9802 112.0355 15.21979730 80505
BRO-10                  
1 58331U 23174CD  25111.50804022  .00023647  00000+0  66006-3 0  9990
2 58331  97.4114 192.2823 0008129 185.3934 174.7224 15.36699201 80869
BANE                    
1 58465U 23185D   25111.49929445  .00033759  00000+0  89478-3 0  9998
2 58465  97.3834 182.2707 0005269 262.5394  97.5252 15.38251377 77213
BEIDOU-3 M28            
1 58654U 23207A   25111.25103545  .00000027  00000+0  00000+0 0  9994
2 58654  55.3764  76.5797 0004711 307.5646  52.3776  1.86232017  8980
BEIDOU-3 M26            
1 58655U 23207B   25111.05076868  .00000027  00000+0  00000+0 0  9990
2 58655  55.3783  76.5725 0005166 291.0250  68.9047  1.86231590  8963
BRO-13                  
1 59107U 24043K   25111.50352777  .00003175  00000+0  29634-3 0  9993
2 59107  97.7979 238.1132 0008161 332.3991  27.6795 14.94896805 61588
BRO-12                  
1 59108U 24043L   25111.57012160  .00003256  00000+0  30174-3 0  9991
2 59108  97.7964 238.2554 0007416 327.6252  32.4513 14.95157654 61609
BRO-14                  
1 60551U 24149CM  25111.18816517  .00001657  00000+0  15793-3 0  9990
2 60551  97.7224 188.9750 0008234  72.3275 287.8843 14.94699464 36927
BRO-15                  
1 60553U 24149CP  25110.79942818  .00001358  00000+0  12940-3 0  9991
2 60553  97.7149 188.4978 0009336  64.5986 295.6200 14.94978711 36871
BEIDOU-3 M25            
1 61186U 24168B   25111.15966499 -.00000031  00000+0  00000+0 0  9995
2 61186  54.8426 316.8673 0003694 307.8107 243.1861  1.86230084  3915
BEIDOU-3 M27            
1 61187U 24168C   25111.48449667 -.00000030  00000+0  00000+0 0  9994
2 61187  54.8377 316.8406 0002544  23.5900 160.0597  1.86230193  3960
BUZZER-1                
1 62609U 25009A   25110.66886553  .00004701  00000+0  23464-3 0  9998
2 62609  97.4246 191.5418 0008339  24.3753 335.7873 15.17949150 14523
BALKAN-1                
1 62611U 25009C   25110.81499545  .00003329  00000+0  16797-3 0  9995
2 62611  97.4249 191.6586 0007933  22.7551 337.4033 15.17779693 14545
BRO-16                  
1 62654U 25009AX  25110.31099241  .00006270  00000+0  29854-3 0  9992
2 62654  97.4355 191.5373 0002063  31.6562 328.4796 15.19495088 14498
BLUEBON                 
1 62688U 25009CH  25110.94043610  .00016934  00000+0  75560-3 0  9990
2 62688  97.4288 192.1545 0002271  63.2159 296.9309 15.21450586 14566
BOTSAT-1                
1 63216U 25052G   25111.23525597  .00009006  00000+0  43852-3 0  9999
2 63216  97.4337   5.9258 0003861 139.7022 220.4499 15.18587364  5759
BUCCANEER MM            
1 63245U 25052AM  25111.55820514  .00004865  00000+0  49099-3 0  9990
2 63245  97.7327   5.9928 0004557 157.4713 202.6706 14.91525883  5687
