CALSPHERE 1             
1 00900U 64063C   25111.36128108  .00001155  00000+0  11779-2 0  9995
2 00900  90.2146  62.0992 0027016 124.2581   0.9825 13.75991612 13394
CALSPHERE 2             
1 00902U 64063E   25110.85859925  .00000082  00000+0  10956-3 0  9993
2 00902  90.2289  65.8967 0019210  19.5996  12.4992 13.52857984799167
CALSPHERE 4A            
1 01520U 65065H   25111.03776920  .00000145  00000+0  26171-3 0  9993
2 01520  89.9207 126.1421 0068274 213.4170 175.6314 13.36186888906742
COSMOS 1989 (ETALON 1)  
1 19751U 89001C   25111.47502670  .00000066  00000+0  00000+0 0  9992
2 19751  64.7074  86.6435 0023592 216.9301 143.2462  2.13156081282447
COSMOS 2024 (ETALON 2)  
1 20026U 89039C   25110.84531822 -.00000014  00000+0  00000+0 0  9995
2 20026  65.1841 325.0504 0019942 215.4960 106.2754  2.13204486279494
CELESTIS-02 & TAURUS R/B
1 25160U 98007D   25110.74317640  .00000207  00000+0  14808-3 0  9991
2 25160 108.0000 199.5751 0060892 136.5792  15.3718 14.22314036410444
CXO                     
1 25867U 99040B   25113.90655150  .00000969  00000+0  00000+0 0  9995
2 25867  48.2708 132.4403 8506107 308.4906   0.8416  0.37805197 26897
CLUSTER II-FM7 (SAMBA)  
1 26410U 00041A   25113.50961171  .00000282  00000+0  00000+0 0  9990
2 26410 143.4366   8.7724 8257793 224.0721   0.7189  0.44775432 30182
CLUSTER II-FM5 (RUMBA)  
1 26463U 00045A   25111.88898600  .00009979  00000+0  00000+0 0  9999
2 26463 153.1950  65.4857 9045013 283.4433   0.8756  0.42903029 18308
CLUSTER II-FM8 (TANGO)  
1 26464U 00045B   25112.39863421  .00000337  00000+0  00000+0 0  9999
2 26464 143.6775   9.0722 8260437 224.2391   0.7048  0.44423341 66095
COSMOS 2385             
1 27056U 01058B   25111.54833137  .00000035  00000+0  14128-3 0  9994
2 27056  82.5335 129.5269 0007469 103.7416  65.7214 12.60554681 72811
COSMOS 2386             
1 27057U 01058C   25111.51456707  .00000034  00000+0  13409-3 0  9996
2 27057  82.5397 124.1440 0001033  82.7083 277.4125 12.61604826 73675
COSMOS 2390             
1 27464U 02036A   25110.85889017  .00000047  00000+0  25995-3 0  9992
2 27464  82.4818 249.0030 0026361 102.7843 257.6186 12.44613793 35134
COSMOS 2391             
1 27465U 02036B   25111.46694542  .00000034  00000+0  16640-3 0  9991
2 27465  82.4820 245.3282 0027243  96.2405 264.1780 12.44934510 35616
CORIOLIS                
1 27640U 03001A   25111.01603028  .00000241  00000+0  13418-3 0  9999
2 27640  98.7146 119.3880 0013837 353.8494   6.2511 14.19769059154279
CUTE-1 (CO-55)          
1 27844U 03031E   25111.00192648  .00000621  00000+0  28959-3 0  9996
2 27844  98.6781 119.9124 0009082 338.8158  21.2643 14.23946317131618
CUBESAT XI-IV (CO-57)   
1 27848U 03031J   25111.48967965  .00000598  00000+0  28313-3 0  9991
2 27848  98.6807 120.4366 0009330 355.0497   5.0588 14.23289014131431
COSMOS 2400             
1 27868U 03037A   25110.91255246  .00000052  00000+0  29891-3 0  9995
2 27868  82.4708 234.6028 0020693 258.0139 101.8622 12.45180293984977
COSMOS 2401             
1 27869U 03037B   25111.46307514  .00000042  00000+0  22609-3 0  9992
2 27869  82.4706 230.8195 0021493 252.4163 107.4570 12.45493943985405
CHUANGXIN 1 (CX-1)      
1 28058U 03049B   25110.60949657  .00000460  00000+0  13531-3 0  9999
2 28058  98.5521   0.6841 0013189  29.6220 330.5717 14.48266504135103
COSMOS 2407             
1 28380U 04028A   25110.75039731  .00000099  00000+0  85359-4 0  9990
2 28380  82.9644  27.6629 0039209 356.0587  32.3973 13.76285818 41770
COSMOS 2408             
1 28419U 04037A   25111.18314875  .00000043  00000+0  23118-3 0  9999
2 28419  82.4854 230.2015 0017065 113.7456 246.5417 12.45667731935532
COSMOS 2409             
1 28420U 04037B   25110.94274589  .00000038  00000+0  19550-3 0  9990
2 28420  82.4851 233.3969 0014651 124.2440 236.0031 12.45314033934990
COSMOS 2414             
1 28521U 05002A   25111.21878453  .00000104  00000+0  73859-4 0  9993
2 28521  82.9534   2.7930 0041548  92.4890 268.1031 13.87868850 25626
CUBESAT XI-V            
1 28895U 05043F   25110.85984321  .00003054  00000+0  50773-3 0  9999
2 28895  98.2419 254.6156 0015881 104.8406 255.4560 14.70786737 39630
COSMOS 2416             
1 28908U 05048A   25111.35450080  .00000041  00000+0  18904-3 0  9998
2 28908  82.4710 217.3939 0007942  40.4381  23.4787 12.55580470885972
CALIPSO                 
1 29108U 06016B   25111.52676338  .00002631  00000+0  46736-3 0  9993
2 29108  98.4470 108.1265 0001727 104.0827 256.0569 14.68069166 11176
COSMO-SKYMED 1          
1 31598U 07023A   25111.51887695  .00001207  00000+0  15270-3 0  9994
2 31598  97.8877 296.2562 0001480  79.3846 280.7534 14.83635167966864
COSMOS 2428             
1 31792U 07029A   25111.47571362 -.00000127  00000+0 -42472-4 0  9999
2 31792  70.9352 159.7341 0005715 319.6981  40.3716 14.12842748918667
COSMOS 2433 [GLONASS-M] 
1 32275U 07052A   25110.58339660 -.00000022  00000+0  00000+0 0  9995
2 32275  65.8033 330.1216 0000776 257.4704 102.5710  2.13104054136052
COSMOS 2432 [GLONASS-M] 
1 32276U 07052B   25111.12012078 -.00000020  00000+0  00000+0 0  9996
2 32276  65.8180 330.2234 0009753 337.1929  19.8911  2.13103209136094
COSMO-SKYMED 2          
1 32376U 07059A   25111.49034425  .00001085  00000+0  14288-3 0  9992
2 32376  97.8876 296.2129 0001287  87.2386 272.8974 14.82144204939618
COSMOS 2434 [GLONASS-M] 
1 32393U 07065A   25110.79383193  .00000009  00000+0  00000+0 0  9997
2 32393  64.3147 206.1678 0002000  67.6148 345.4435  2.13101362134804
COSMOS 2436 [GLONASS-M] 
1 32395U 07065C   25111.42405035  .00000007  00000+0  00000+0 0  9998
2 32395  64.3233 206.2144 0016681   0.5502 310.0867  2.13100254134739
CARTOSAT-2A             
1 32783U 08021A   25111.39948095  .00001529  00000+0  21501-3 0  9999
2 32783  97.8199 168.1640 0011930  47.1273 313.0938 14.78720169916550
CUTE-1.7+APD II (CO-65) 
1 32785U 08021C   25110.91187185  .00008423  00000+0  61668-3 0  9991
2 32785  97.7827  81.7409 0011103  32.8403 327.3510 15.03777574921618
CANX-2                  
1 32790U 08021H   25110.85523909  .00007386  00000+0  57890-3 0  9997
2 32790  97.8174  80.2351 0014950  16.5563 343.6146 15.01192357921354
COSMOS 2437             
1 32954U 08025B   25110.96458620  .00000008  00000+0 -16589-4 0  9998
2 32954  82.4976 259.9155 0021016 168.3870 283.8562 12.42749127766923
COSMOS 2438             
1 32955U 08025C   25110.90872873  .00000041  00000+0  21971-3 0  9999
2 32955  82.4987 255.6053 0022014 145.1543 215.0983 12.43358067767357
COSMOS 2439             
1 32956U 08025D   25110.94419117  .00000040  00000+0  21863-3 0  9991
2 32956  82.5031 260.2352 0021496 154.9288 205.2841 12.43058981767255
COSMO-SKYMED 3          
1 33412U 08054A   25111.55586769  .00006374  00000+0  47721-3 0  9994
2 33412  97.8768 318.0639 0015021 247.4665 112.4970 15.02999456893524
CHUANGXIN 1-02 (CX-1-02)
1 33434U 08056B   25111.54600433  .00000192  00000+0  91612-4 0  9995
2 33434  98.6508 136.1419 0013189 300.6058  59.3823 14.30028208858733
COSMOS 2451             
1 35498U 09036A   25110.84283475  .00000011  00000+0  90180-5 0  9991
2 35498  82.4925 354.4158 0007844  51.0575 309.1202 12.40860666715264
COSMOS 2453             
1 35500U 09036C   25111.52182536  .00000024  00000+0  10213-3 0  9998
2 35500  82.4921 349.8474 0007494  11.3321 348.7925 12.41508948715772
COMSATBW-1              
1 35943U 09054B   25110.90600193  .00000028  00000+0  00000+0 0  9997
2 35943   0.0119 177.6426 0003194 224.6767 196.1038  1.00270174 57069
COSMOS 2455             
1 36095U 09063A   25111.47014377 -.00000001  00000+0  53191-4 0  9998
2 36095  67.1480 198.4702 0004028 294.4433  65.6231 13.96997187786414
COSMOS 2456 [GLONASS-M] 
1 36111U 09070A   25111.14600465  .00000062  00000+0  00000+0 0  9990
2 36111  64.7691  85.3962 0006337 310.8752 167.9048  2.13103681119477
COSMOS 2457 [GLONASS-M] 
1 36112U 09070B   25110.81780986  .00000061  00000+0  00000+0 0  9990
2 36112  64.7539  85.2599 0001969 192.9157 165.3893  2.13101132119422
COSMOS 2460 [GLONASS-M] 
1 36402U 10007C   25111.49093455 -.00000016  00000+0  00000+0 0  9998
2 36402  65.6528 328.7021 0002264  51.4663  99.2601  2.13106186117836
CRYOSAT 2               
1 36508U 10013A   25110.87709738  .00000278  00000+0  68141-4 0  9995
2 36508  92.0146 175.3425 0001845  66.2490 293.8910 14.51915989796802
COSMOS 2463             
1 36519U 10017A   25111.19702420  .00000087  00000+0  79519-4 0  9997
2 36519  82.9640 199.7571 0035353 219.1498 202.9203 13.71623693750176
COMSATBW-2              
1 36582U 10021B   25110.89221779  .00000092  00000+0  00000+0 0  9991
2 36582   0.0448  75.0190 0001527 314.1684 154.3710  1.00270205 54722
COMS 1                  
1 36744U 10032A   25110.97100003 -.00000338  00000+0  00000+0 0  9992
2 36744   3.7219  80.6999 0001028 308.2771 298.0300  1.00271843 54421
CARTOSAT-2B             
1 36795U 10035A   25111.50276208  .00001601  00000+0  22439-3 0  9999
2 36795  97.8136 167.6737 0013177 118.4274 241.8267 14.78777776797610
COSMOS 2467             
1 37152U 10043A   25111.16392983  .00000044  00000+0  24741-3 0  9995
2 37152  82.4574 329.0136 0001509  18.5526 118.0569 12.42967850663128
COSMOS 2468             
1 37154U 10043C   25111.09399589  .00000030  00000+0  14465-3 0  9995
2 37154  82.4607 326.5204 0014605 145.7681 331.2617 12.43729311663471
COSMO-SKYMED 4          
1 37216U 10060A   25111.50300679  .00001120  00000+0  14723-3 0  9999
2 37216  97.8875 296.2295 0001416  86.0695 274.0680 14.82161238782163
COSMOS 2476 [GLONASS-M] 
1 37867U 11064A   25111.34240466  .00000067  00000+0  00000+0 0  9993
2 37867  65.0359  87.1382 0024197 242.1904 297.5888  2.13101517104828
COSMOS 2477 [GLONASS-M] 
1 37868U 11064B   25110.53254037  .00000064  00000+0  00000+0 0  9990
2 37868  65.0423  87.2411 0021402 243.8693 214.2887  2.13103012104753
COSMOS 2475 [GLONASS-M] 
1 37869U 11064C   25111.52322575  .00000068  00000+0  00000+0 0  9998
2 37869  65.0498  87.2252 0027014 256.2571 198.9103  2.13101754104779
CHUANGXIN 1-03 (CX-1-03)
1 37930U 11068A   25111.55334559  .00000213  00000+0  98965-4 0  9993
2 37930  98.7161 123.6002 0013758 272.7052 247.1192 14.30406075702756
COSMOS 2481             
1 38733U 12041A   25111.17590605  .00000024  00000+0  10372-3 0  9996
2 38733  82.4765 338.3265 0017916 276.7414  83.1626 12.42423993577423
CINEMA                  
1 38764U 12048G   25110.82860262  .00025645  00000+0  87944-3 0  9992
2 38764  64.6524  55.5641 0114150 286.9313  71.9326 15.24036868 52432
COSMOS 2482             
1 39057U 13001A   25110.94706641  .00000031  00000+0  15153-3 0  9996
2 39057  82.4942 123.0792 0026652 223.3687 136.5295 12.42978461556259
COSMOS 2483             
1 39058U 13001B   25111.53395712  .00000044  00000+0  24210-3 0  9994
2 39058  82.4949 117.7269 0015965 209.7636 150.2538 12.44011761556855
COSMOS 2484             
1 39059U 13001C   25111.51701539  .00000068  00000+0  42228-3 0  9996
2 39059  82.4977 124.1111 0025259 231.1998 128.6825 12.42920524556371
COSMOS 2485 [GLONASS-M] 
1 39155U 13019A   25109.17071080  .00000057  00000+0  00000+0 0  9998
2 39155  65.1893  87.8591 0024526 238.1299 121.6238  2.13104534 93242
COSMOS 2486             
1 39177U 13028A   25111.48668171  .00000568  00000+0  13901-3 0  9997
2 39177  97.9615  91.8375 0009598 247.8543 112.1637 14.55899125630013
CHUANGXIN-3 (CX-3)      
1 39209U 13037B   25111.50832602  .00002592  00000+0  40784-3 0  9996
2 39209  98.0772 114.1400 0005385  56.1181 304.0538 14.73365524630239
CASSIOPE                
1 39265U 13055A   25110.88534298  .00034264 -54442-6  55203-3 0  9998
2 39265  80.9447 206.8761 0400865  13.9212 347.2670 14.95445232603962
CUBEBUG-2 (LO-74)       
1 39440U 13066AA  25111.37705803  .00008376  00000+0  85477-3 0  9996
2 39440  97.8456  56.3031 0062261 344.2789  15.6494 14.89438570615317
COSMOS 2488             
1 39483U 13076A   25111.55247205  .00000054  00000+0  31645-3 0  9994
2 39483  82.4827  71.4494 0018155 297.4124  62.5108 12.42861264513702
COSMOS 2489             
1 39484U 13076B   25110.88093085  .00000050  00000+0  28734-3 0  9996
2 39484  82.4860  73.1168 0019939 299.0747  60.8335 12.42861656513480
COSMOS 2490             
1 39485U 13076C   25110.93263289  .00000049  00000+0  28119-3 0  9993
2 39485  82.4809  71.3347 0020438 315.5932  44.3508 12.42860297513422
COSMOS 2493 (SKRL-756 1)
1 39490U 13078A   25111.50707272  .00005831  00000+0  48001-3 0  9996
2 39490  82.4129 312.6607 0013063 223.3918 136.6278 14.98873649615058
COSMOS 2494 (SKRL-756 2)
1 39491U 13078B   25111.53993161  .00007276  00000+0  56388-3 0  9996
2 39491  82.4118 303.6448 0017400 189.8169 170.2718 15.01159511615551
COSMOS 2492 [GLONASS-M] 
1 39620U 14012A   25111.00461410 -.00000018  00000+0  00000+0 0  9992
2 39620  65.5329 328.2505 0012392 330.4589  29.5203  2.13103214 86244
COSMOS 2496             
1 39761U 14028A   25110.89440374  .00000038  00000+0  20738-3 0  9992
2 39761  82.4508  13.2300 0018848 282.4774  77.4197 12.42888271495058
COSMOS 2497             
1 39762U 14028B   25110.94738790  .00000031  00000+0  15188-3 0  9997
2 39762  82.4556  14.7142 0019291 276.7554  83.1330 12.42859719495066
COSMOS 2498             
1 39763U 14028C   25110.95847654  .00000038  00000+0  20341-3 0  9993
2 39763  82.4517  13.3808 0019999 276.1313  83.7488 12.42961216495099
COSMOS 2500 [GLONASS-M] 
1 40001U 14032A   25111.17989417 -.00000017  00000+0  00000+0 0  9998
2 40001  65.4691 328.0254 0005064 187.9520 172.0888  2.13106026 84466
CANX-4                  
1 40055U 14034C   25111.47152618  .00002240  00000+0  30288-3 0  9991
2 40055  98.3692 325.1613 0011800 286.7446  73.2470 14.80075104582155
CANX-5                  
1 40056U 14034D   25110.93353940  .00001872  00000+0  25430-3 0  9996
2 40056  98.3694 324.6203 0011786 288.7691  71.2241 14.80085183572852
CHUANGXIN 1-04 (CX-1-04)
1 40137U 14051B   25111.48273831  .00000253  00000+0  11459-3 0  9994
2 40137  98.6912 108.3230 0021836 333.2604  26.7451 14.30269832554748
COSMOS 2501 [GLONASS-K] 
1 40315U 14075A   25110.96730150  .00000009  00000+0  00000+0 0  9997
2 40315  63.6147 204.9925 0020774 208.4032 151.5188  2.13101359 80857
CBERS 4                 
1 40336U 14079A   25111.55183527  .00000284  00000+0  11346-3 0  9994
2 40336  98.3569 177.1733 0001947 106.0131 254.1270 14.35529131543489
COSMOS 2502             
1 40358U 14086A   25111.55421242  .00000061  00000+0  96669-4 0  9990
2 40358  67.1516 313.7488 0007100 254.3739 105.6563 13.97748593526738
COSMOS 2503             
1 40420U 15009A   25110.74890921  .00002522  00000+0  18282-3 0  9998
2 40420  97.8877 154.3648 0015687 237.9313 122.0389 15.04824569555367
COSMOS 2504             
1 40555U 15020D   25111.48756344  .00000388  00000+0  13998-3 0  9999
2 40555  82.5204 197.1277 0608795 340.3945  17.4669 13.61009048492829
COSMOS 2506             
1 40699U 15029A   25111.54435879  .00000362  00000+0  95746-4 0  9995
2 40699  98.1042 161.9058 0007840  32.3209 327.8467 14.54171696521607
CARBONITE 1 (CBNT-1)    
1 40718U 15032D   25111.49542283  .00003652  00000+0  47107-3 0  9995
2 40718  97.6463 303.0966 0013826 233.7455 126.2481 14.81530882526864
COSMOS 2507             
1 40920U 15050A   25110.95526523  .00000029  00000+0  14019-3 0  9990
2 40920  82.4949 342.5307 0008988 185.5126 174.5856 12.42909438434401
COSMOS 2508             
1 40921U 15050B   25110.90569448  .00000030  00000+0  14837-3 0  9999
2 40921  82.4899 341.2261 0013041 223.5855 136.4195 12.42894362434388
COSMOS 2509             
1 40922U 15050C   25111.57307945  .00000028  00000+0  13094-3 0  9997
2 40922  82.4904 340.8942 0013437 242.1600 117.8118 12.42916704434508
COSMOS 2510             
1 41032U 15066A   25108.79450111 -.00001057  00000+0  00000+0 0  9994
2 41032  63.0559  44.9293 7173055 273.1475  14.5803  2.00286282 68957
COSMOS 2513             
1 41121U 15075A   25111.47676432 -.00000135  00000+0  00000+0 0  9994
2 41121   0.0569  90.9202 0003531 331.2752  39.4904  1.00270847 34373
COSMOS 2514 [GLONASS-M] 
1 41330U 16008A   25110.48158061 -.00000019  00000+0  00000+0 0  9997
2 41330  65.2616 327.4806 0008733 203.6555 156.3518  2.13102659 71619
COSMOS 2515             
1 41394U 16020A   25111.48546564  .00003424  00000+0  23858-3 0  9993
2 41394  97.9743 106.6412 0022879 288.2694  71.6042 15.05956514496908
COSMOS 2517 (GEO-IK 2)  
1 41579U 16034A   25111.46009707  .00000046  00000+0  78290-4 0  9992
2 41579  99.1962 123.1098 0001040  79.9479 280.1794 13.85906284449215
CARTOSAT-2C             
1 41599U 16040A   25111.46558168  .00008911  00000+0  42323-3 0  9997
2 41599  97.4268 172.4593 0013916 160.2800 199.8976 15.19375862489685
CAS-2T & KS-1Q          
1 41847U 16066G   25110.84008923  .00001420  00000+0  21197-3 0  9995
2 41847  98.4218 185.7305 0346007 329.1565  28.9694 14.43346093443846
CELTEE 1                
1 41850U 16067C   25111.07344250  .00008162  00000+0  45427-3 0  9994
2 41850  98.1107 304.4486 0000949 161.6832 198.4432 15.13938952461899
CYGFM05                 
1 41884U 16078A   25111.44929366  .00020378  00000+0  50929-3 0  9997
2 41884  34.9599 132.7671 0009749 159.6295 200.4814 15.39168752463503
CYGFM04                 
1 41885U 16078B   25110.43175918  .00021735  00000+0  51552-3 0  9993
2 41885  34.9353 119.4438 0009042 173.5495 186.5341 15.40746849463373
CYGFM02                 
1 41886U 16078C   25111.17705792  .00020085  00000+0  46118-3 0  9994
2 41886  34.9443 115.2780 0010879 171.7998 188.2901 15.41711250463668
CYGFM01                 
1 41887U 16078D   25110.47545989  .00019536  00000+0  48323-3 0  9996
2 41887  34.9432 142.7942 0008897 137.3625 222.7786 15.39496482463180
CYGFM08                 
1 41888U 16078E   25111.20253135  .00019007  00000+0  45656-3 0  9997
2 41888  34.9465 123.3397 0011394 167.1424 192.9587 15.40359249463537
CYGFM07                 
1 41890U 16078G   25111.42296203  .00019976  00000+0  47158-3 0  9991
2 41890  34.9483 112.2021 0009858 187.4255 172.6319 15.40892741463694
CYGFM03                 
1 41891U 16078H   25111.16217510  .00019200  00000+0  45684-3 0  9999
2 41891  34.9437 115.4184 0008417 171.8425 188.2432 15.40676074463637
CARTOSAT-2D             
1 41948U 17008A   25110.90512951  .00007730  00000+0  36923-3 0  9995
2 41948  97.4659 171.4875 0004480 257.2434 102.8300 15.19304736453469
CHINASAT 16 (SJ-13)     
1 42662U 17018A   25110.91150524 -.00000348  00000+0  00000+0 0  9997
2 42662   0.0417  73.4268 0004127 177.7489  36.7071  1.00267675 29505
COSMOS 2518             
1 42719U 17027A   25110.85790873 -.00000594  00000+0  59864-2 0  9998
2 42719  63.1196 302.7616 7179729 272.0709  14.7216  2.00734070 57911
CARTOSAT-2E             
1 42767U 17036C   25111.51293036  .00004617  00000+0  22230-3 0  9991
2 42767  97.4829 171.6616 0002057 330.0386  30.0730 15.19253349434121
CE-SAT-I                
1 42769U 17036E   25111.49363894  .00356345  52716-4  86975-3 0  9990
2 42769  97.0864 137.5254 0006056 174.0456 186.0894 15.96162892436430
CORVUS BC2              
1 42846U 17042X   25110.90340197  .00006381  00000+0  48376-3 0  9998
2 42846  97.3696 285.8982 0014410 114.1151 246.1584 15.02493115423574
CORVUS BC1              
1 42847U 17042Y   25110.49638154  .00006774  00000+0  51000-3 0  9990
2 42847  97.3757 286.0042 0013544  94.1487 266.1287 15.02744350423537
COSMOS 2520             
1 42907U 17046A   25111.18416955  .00000141  00000+0  00000+0 0  9993
2 42907   0.0271 108.1398 0000339  63.5939 149.0629  1.00273181 28154
COSMOS 2522 [GLONASS-M] 
1 42939U 17055A   25110.32060764  .00000011  00000+0  00000+0 0  9992
2 42939  64.0763 206.2820 0008520 235.4404 124.5139  2.13101821 58964
COSMOS 2523             
1 42986U 17037E   25111.51242400  .00002718  00000+0  25227-3 0  9993
2 42986  97.5247 137.6619 0068972 202.1098 157.7145 14.93425965405986
COSMOS 2524             
1 43032U 17076A   25111.53738448  .00000035  00000+0  78628-4 0  9997
2 43032  67.1430 138.6351 0002326 244.2369 115.8476 13.97358492376745
CARTOSAT-2F             
1 43111U 18004A   25111.48173444  .00008484  14033-7  40220-3 0  9991
2 43111  97.4586 172.4200 0001164 197.6126 162.5068 15.19349855387052
CARBONITE 2             
1 43115U 18004E   25111.21594699  .00312686  38595-4  97004-3 0  9995
2 43115  97.2159 193.5489 0006502 215.4608 144.6235 15.91601096405896
COSMOS 2526             
1 43432U 18037A   25111.20056449 -.00000341  00000+0  00000+0 0  9992
2 43432   0.0265 124.3681 0000558 329.9180 315.4774  1.00269439 25738
COSMOS 2527 [GLONASS-M] 
1 43508U 18053A   25110.28048576  .00000065  00000+0  00000+0 0  9995
2 43508  65.3488  88.0376 0009193 247.2877 112.6104  2.13102241 53264
CENTISPACE-1 S1         
1 43636U 18075A   25111.53326666  .00000999  00000+0  22023-3 0  9998
2 43636  97.9162 150.5218 0008844  15.8259 344.3216 14.59358056349043
COSMOS 2528             
1 43657U 18082A   25111.16196446  .00000000  00000+0  53870-4 0  9997
2 43657  67.1510  23.4593 0008140 270.8163  89.1989 13.96670909330979
CFOSAT                  
1 43662U 18083A   25111.50200930  .00007033  00000+0  36638-3 0  9991
2 43662  97.3659 123.3875 0001988  94.9287 265.2173 15.16294374358628
COSMOS 2529 [GLONASS-M] 
1 43687U 18086A   25111.31724701  .00000007  00000+0  00000+0 0  9991
2 43687  64.2923 206.8438 0009637 257.0562 102.8680  2.13101995 50291
COSMOS 2530             
1 43751U 18097A   25111.48669198  .00000042  00000+0  23074-3 0  9990
2 43751  82.5102 124.0531 0018446 232.9361 127.0033 12.42864600289991
COSMOS 2531             
1 43752U 18097B   25111.51313704  .00000056  00000+0  33216-3 0  9998
2 43752  82.5148 124.9431 0015132 252.5480 107.3945 12.42857358290008
COSMOS 2532             
1 43753U 18097C   25111.53992786  .00000051  00000+0  29655-3 0  9991
2 43753  82.5092 123.9026 0016653 254.6986 105.2253 12.42856747290009
CORVUS BC4              
1 43767U 18099K   25110.58638822  .00006795  00000+0  44704-3 0  9993
2 43767  97.4646 160.7677 0009592  27.3196 332.8535 15.07837687348626
CSIM-FD                 
1 43793U 18099AM  25110.61721330  .00141124  00000+0  18476-2 0  9995
2 43793  97.4869 185.3224 0005618 264.5811  95.4803 15.58103675349829
CENTAURI-1              
1 43809U 18099BD  25110.73607844  .00008007  00000+0  48655-3 0  9994
2 43809  97.4808 166.6656 0015475 355.2962   4.8120 15.10638968348605
COSMOS 2533             
1 43867U 18107A   25111.11768812 -.00000035  00000+0  00000+0 0  9996
2 43867   0.0358  83.6217 0000573 353.2572 244.9276  1.00272629 23182
COSMOS 2534 [GLONASS-M] 
1 44299U 19030A   25111.19676321  .00000007  00000+0  00000+0 0  9991
2 44299  64.3656 206.8302 0011374 279.9614 121.8371  2.13102300 45920
COSMOS 2538             
1 44424U 19039D   25111.52819235  .00009955  00000+0  52547-3 0  9998
2 44424  97.6272 183.8903 0049314  67.4906 293.1535 15.14664819315954
COSMOS 2539             
1 44457U 19048A   25111.17756663  .00000085  00000+0  00000+0 0  9998
2 44457   0.0242 122.1075 0000503  42.7489 120.5699  1.00270157 20988
COSMOS 2540             
1 44517U 19057A   25111.50820899  .00000513  00000+0  48462-3 0  9999
2 44517  99.2299 124.9743 0015952 194.7507 165.3186 13.85931721285463
COSMOS 2541             
1 44552U 19065A   25111.54628004  .00000022  00000+0  00000+0 0  9992
2 44552  62.7316 195.9747 6506280 272.5738  20.0624  2.00622759 40797
CARTOSAT-3              
1 44804U 19081A   25111.49356089  .00007576  00000+0  36247-3 0  9992
2 44804  97.4851 173.5582 0015060 181.4565 178.6628 15.19164698299399
COSMOS 2544 [GLONASS-M] 
1 44850U 19088A   25110.69408499  .00000067  00000+0  00000+0 0  9996
2 44850  65.3362  87.8550 0015192 262.4072  97.4162  2.13102021 41693
CSG-1                   
1 44873U 19092A   25111.51567232  .00001206  00000+0  15793-3 0  9994
2 44873  97.8877 296.2380 0001436  83.8252 276.3125 14.82167785289011
CHEOPS                  
1 44874U 19092B   25110.59829069  .00000728  00000+0  15616-3 0  9993
2 44874  98.1538 299.8195 0010298 350.4182   9.6821 14.61509848284162
CBERS 4A                
1 44883U 19093E   25111.46651644  .00002365  00000+0  30725-3 0  9990
2 44883  97.7943 186.0292 0003508  94.0804 266.0810 14.81629081288637
COSMOS 2545 [GLONASS-M] 
1 45358U 20018A   25109.95223942 -.00000023  00000+0  00000+0 0  9993
2 45358  64.5997 327.2588 0007157 246.4100 113.5613  2.13102582 39645
COSMOS 2546             
1 45608U 20031A   25110.30076307  .00000318  00000+0  00000+0 0  9994
2 45608  63.1090 117.4276 6855425 264.9642  20.2356  2.00636807 35985
COSMOS 2547 [GLONASS-K] 
1 46805U 20075A   25110.60734586  .00000010  00000+0  00000+0 0  9994
2 46805  64.5954 206.5831 0007608 236.6312 123.3297  2.13100419 34901
CE-SAT IIB              
1 46818U 20077F   25111.50129910  .00038207  00000+0  66074-3 0  9995
2 46818  97.2634 175.7285 0004412 304.1664  55.9170 15.50853757249176
COSMOS 2548             
1 47230U 20091D   25111.53675625  .00000047  00000+0  26533-3 0  9999
2 47230  82.5033 203.8830 0015280  38.2487 321.9674 12.42918914198822
CMS-01                  
1 47256U 20099A   25111.40592703 -.00000161  00000+0  00000+0 0  9991
2 47256   0.1167  88.3468 0005153 201.7909 148.7440  1.00270997 15964
CUBEL                   
1 47448U 21006AM  25111.07363992  .00008981  00000+0  30870-3 0  9991
2 47448  97.2938 162.1659 0007110 244.8959 115.1544 15.30301219234967
CELESTIS-17 & SHERPA-FX1
1 47486U 21006CB  25111.16590672  .00008063  00000+0  31239-3 0  9991
2 47486  97.2826 157.5020 0005696 253.6307 106.4306 15.26400996234806
COSMOS 2549             
1 47546U 21008A   25111.55548533 -.00000005  00000+0  50094-4 0  9992
2 47546  67.1475 290.3037 0004997 276.3398  83.7117 13.96927670214924
CAS500-1                
1 47932U 21022A   25111.53732321  .00015231  00000+0  70182-3 0  9990
2 47932  97.4320   9.1354 0005373 346.0459  14.0627 15.20359934226701
CUBESX-SIRIUS-HSE       
1 47951U 21022V   25111.41220813  .00243609  00000+0  17610-2 0  9994
2 47951  97.4200  21.8051 0011053 111.3514 248.8930 15.72697873226068
CUBESX-HSE              
1 47952U 21022W   25111.49617480  .00253023  00000+0  17821-2 0  9998
2 47952  97.4213  22.1345 0010653 108.1270 252.1155 15.73291011226096
CHALLENGE ONE           
1 47956U 21022AA  25111.25725228  .01169442  73757-3  20315-2 0  9993
2 47956  97.4096  24.2593 0009818 138.9243 221.2777 16.02323446225995
CSS (TIANHE)            
1 48274U 21035A   25111.49176877  .00040950  00000+0  45580-3 0  9997
2 48274  41.4658   5.5774 0004568 215.5736 144.4800 15.62070508227292
COSMOS 2550             
1 48865U 21056A   25111.52234884  .00004488  00000+0  14216-3 0  9991
2 48865  67.1437 295.5549 0008278 269.4709  90.5497 15.33830296214069
CHINASAT 9B             
1 49125U 21080A   25111.48093457 -.00000309  00000+0  00000+0 0  9993
2 49125   0.0423  68.0941 0001221 323.5122  92.7533  1.00270124 13408
CS1                     
1 49261U 21088B   25111.17203259  .00015876  00000+0  68927-3 0  9991
2 49261  97.4332 171.9547 0017576 131.6467 228.6278 15.22263322195974
CS2                     
1 49262U 21088C   25111.17812609  .00016979  00000+0  72152-3 0  9997
2 49262  97.4379 173.3776 0014600 135.6627 224.5781 15.23021602196028
CUTE                    
1 49263U 21088D   25110.64890610  .00021967  00000+0  46746-3 0  9990
2 49263  97.4524 185.5234 0009378  70.4369 289.7891 15.44935540196719
CUPID                   
1 49264U 21088E   25111.16087892  .00010322  00000+0  50139-3 0  9993
2 49264  97.4431 173.0600 0016141 104.8170 255.4853 15.18524274195989
COSMOS 2552             
1 49503U 21113A   25108.22172783 -.00000415  00000+0  00000+0 0  9996
2 49503  62.9529 247.9173 6631156 272.3596  19.0426  2.00632866 24877
CSG-2                   
1 51444U 22008A   25111.48191181  .00000882  00000+0  11731-3 0  9996
2 51444  97.8878 296.2050 0001517  86.0146 274.1241 14.82146352174122
COSMOS 2553             
1 51511U 22011A   25110.87577141 -.00000019  00000+0  43168-3 0  9993
2 51511  67.0907 278.9097 0003957 269.3161  90.7329 11.32844140132608
COSMOS 2554             
1 52202U 22036A   25111.49042834 -.00000034  00000+0  29434-4 0  9991
2 52202  67.1462 173.6203 0005004 268.0721  91.9791 13.96677244155068
COSMOS 2556             
1 52713U 22054A   25111.52980630  .00008416  00000+0  34791-3 0  9999
2 52713  97.5855  49.7247 0002426  70.9622 289.1877 15.24236548162485
CONNECTA T1.1           
1 52739U 22057H   25111.41167842  .00051912  00000+0  95082-3 0  9999
2 52739  97.6055 248.2970 0005961 157.8875 202.2633 15.49144265161506
CMS-02 (GSAT 24)        
1 52903U 22067A   25110.88378083 -.00000161  00000+0  00000+0 0  9997
2 52903   0.0113 166.5694 0001868 141.7740 302.0657  1.00272683 10373
COSMOS 2557 [GLONASS-K] 
1 52984U 22075A   25109.36661726 -.00000029  00000+0  00000+0 0  9998
2 52984  64.5350 329.3814 0010919 284.7596  75.1674  2.13102019 21680
CSS (WENTIAN)           
1 53239U 22085A   25110.78848221  .00038375  00000+0  42855-3 0  9990
2 53239  41.4657   9.8654 0004411 210.8252 149.2328 15.62009605225409
COSMOS 2558             
1 53323U 22089A   25110.93842209  .00024500  00000+0  71401-3 0  9999
2 53323  97.2322 208.5611 0005461 133.1742 226.9959 15.35355505152426
CHUANGXIN 16A (CX-16A)  
1 53586U 22102A   25110.65984368  .00003614  00000+0  24571-3 0  9997
2 53586  28.9949 207.0536 0004748 232.0281 127.9890 15.03802823145822
CENTISPACE-1 S3         
1 53757U 22108A   25111.48858408  .00001391  00000+0  32266-3 0  9990
2 53757  53.5345 358.0316 0008207 309.4854  50.5394 14.60520619139890
CENTISPACE-1 S4         
1 53758U 22108B   25111.50917727  .00001843  00000+0  41061-3 0  9999
2 53758  53.5320 357.2362 0007481 293.6158  66.4031 14.61034609139906
CHUANGXIN 16B (CX-16B)  
1 53876U 22102B   25110.89334922  .00024376  00000+0  11284-2 0  9994
2 53876  28.9924 180.6928 0001430 355.9925   4.0666 15.18821272141965
CENTISPACE-1 S5         
1 54020U 22126A   25111.49800698  .00002005  00000+0  43561-3 0  9996
2 54020  54.9977  98.8435 0011890 190.5449 169.5297 14.61799938135344
CENTISPACE-1 S6         
1 54021U 22126B   25111.52740150  .00000868  00000+0  21168-3 0  9991
2 54021  54.9979  99.0089 0013655 193.5111 166.5519 14.61359187135336
COSMOS 2559 [GLONASS-K] 
1 54031U 22130A   25091.00919060 -.00000051  00000+0  00000+0 0  9998
2 54031  64.5157 330.1326 0005192 225.6156 134.3984  2.13101195 19268
COSMOS 2561             
1 54109U 22137A   25110.93539812  .00013890  00000+0  34538-3 0  9999
2 54109  96.9746 182.5772 0013730 131.3298 228.9133 15.40298640141121
CSS (MENGTIAN)          
1 54216U 22143A   25110.78848221  .00038375  00000+0  42855-3 0  9991
2 54216  41.4657   9.8654 0004411 210.8252 149.2328 15.62009605140524
COSMOS 2563             
1 54223U 22145A   25105.48106634 -.00000954  00000+0  00000+0 0  9992
2 54223  63.6919 336.6944 7178378 268.9482  15.7819  2.00559899 17980
COSMOS 2564 [GLONASS-M] 
1 54377U 22161A   25110.43806750  .00000011  00000+0  00000+0 0  9990
2 54377  64.7371 206.7487 0010094 217.3333 142.6304  2.13101981 18629
COSMOS 2565             
1 54381U 22163A   25111.51428226 -.00000011  00000+0  46575-4 0  9998
2 54381  67.1479  52.1046 0006133 276.3008  83.7378 13.96678447121885
COSMOS 2566             
1 54383U 22163C   25110.96133239  .00000089  00000+0  11669-3 0  9994
2 54383  67.1430  50.2553 0005958 356.7355   3.3690 13.97623134121562
CONNECTA T1.2           
1 55012U 23001D   25111.10544533  .00014144  00000+0  44044-3 0  9996
2 55012  97.3825 174.3005 0009728 170.2941 189.8491 15.33343619127579
CAPELLA-10-WHITNEY      
1 55909U 23035B   25111.27042832  .00528875  00000+0  38949-2 0  9998
2 55909  43.9776 145.5058 0023599  56.2504 304.0624 15.70398463115646
COSMOS 2567             
1 55978U 23040A   25111.54818012  .00007533  00000+0  31404-3 0  9994
2 55978  97.5845  27.4868 0002226  66.4458 293.7013 15.23991461115816
CHECKMATE 8             
1 56162U 23050A   25111.45734517  .00000205  00000+0  17178-3 0  9999
2 56162  80.9984 116.2104 0006820  27.6317 332.5200 13.84861310103775
CHECKMATE 5             
1 56163U 23050B   25111.07148394  .00000166  00000+0  13776-3 0  9996
2 56163  80.9973 116.4374 0006940  26.9072 333.2443 13.84892745103737
CHECKMATE 4             
1 56164U 23050C   25111.12207602  .00000101  00000+0  79717-4 0  9998
2 56164  80.9979 116.5362 0006363  42.1006 318.0638 13.84745966103726
CHECKMATE 6             
1 56165U 23050D   25111.12643735  .00000098  00000+0  77314-4 0  9996
2 56165  81.0010 116.6292 0006775  26.0965 334.0531 13.84872482103678
CHECKMATE 7             
1 56166U 23050E   25111.45612461  .00000105  00000+0  83197-4 0  9990
2 56166  80.9969 115.9259 0006700  23.7915 336.3550 13.84917386103727
CHECKMATE 2             
1 56167U 23050F   25111.13353834  .00000169  00000+0  13991-3 0  9996
2 56167  81.0010 116.4711 0007272  22.5454 337.6020 13.85062580103685
CHECKMATE 1             
1 56168U 23050G   25111.12975727  .00000105  00000+0  82879-4 0  9999
2 56168  81.0008 116.6190 0012126  48.9798 311.2404 13.84880350103678
CHECKMATE 3             
1 56169U 23050H   25111.45770140  .00000109  00000+0  86621-4 0  9991
2 56169  80.9993 115.9546 0007025  19.7470 340.3957 13.85089172103739
CONNECTA T2.1           
1 56210U 23054AJ  25111.55701159  .00067903  00000+0  79201-3 0  9997
2 56210  97.3262  17.7782 0008954 108.1547 252.0687 15.61384780113715
CUBEBEL 2 (EU11S)       
1 57175U 23091K   25111.48770944  .00017206  00000+0  84249-3 0  9998
2 57175  97.5630 168.0002 0013845 148.5031 211.7034 15.18155822100105
CUBESX-HSE 3 (RS42S)    
1 57178U 23091N   25111.48538878  .00016948  00000+0  79614-3 0  9991
2 57178  97.5659 169.0843 0015530 131.4066 228.8506 15.19577204100156
CSTP 1.2 (STC 1.2)      
1 57186U 23091W   25111.48973079  .00012749  00000+0  58671-3 0  9991
2 57186  97.5712 169.7613 0022259 128.4265 231.8972 15.20236952100201
CSTP 1.1 (STC 1.1)      
1 57202U 23091AN  25111.50766258  .00009292  00000+0  51654-3 0  9995
2 57202  97.5690 167.7031 0011924 127.6415 232.5900 15.13850500100057
COSMOS 2569 [GLONASS-K2]
1 57517U 23114A   25111.39144571  .00000067  00000+0  00000+0 0  9991
2 57517  65.0678  86.8700 0012775 295.2557  64.6080  2.13103835 13278
CAPELLA-11 (ACADIA-1)   
1 57693U 23126A   25110.68882241  .00008000  00000+0  11013-2 0  9997
2 57693  53.0090 206.0935 0000456 281.7516  78.3409 14.79008177 89573
CHECKMATE 10            
1 57762U 23133F   25111.22561027  .00000210  00000+0  17437-3 0  9991
2 57762  81.0016  52.5014 0007688  69.3333 290.8647 13.85407613 82608
CHANDRAYAAN-3 PROPULSIO*
1 57770U 23098C   25099.20780115 -.00003388  00000+0  00000+0 0  9998
2 57770  32.9171   5.5434 1568766 327.6044   4.9263  0.06397731   388
CSC-2                   
1 58021U 23155F   25110.64675261  .00012484  00000+0  72091-3 0  9998
2 58021  97.5843 183.1274 0004608 249.9651 110.1083 15.12452878 84126
CSC-1                   
1 58022U 23155G   25111.19340738  .00009761  00000+0  65766-3 0  9993
2 58022  97.5825 181.9519 0007515 236.2016 123.8496 15.06859812 84108
COSMOS 2570             
1 58148U 23165A   25110.90561090  .00000005  00000+0  57948-4 0  9993
2 58148  67.1469 235.7622 0007046 272.2719  87.7559 13.96673192 75667
COSMOS 2571             
1 58172U 23165C   25110.92230536  .00000052  00000+0  90586-4 0  9997
2 58172  67.1495 234.6786 0019465 291.3363  68.5644 13.97269343 75366
CONNECTA T3.1           
1 58256U 23174A   25111.16910264  .00041208  00000+0  87514-3 0  9994
2 58256  97.4094 191.8343 0005473 219.5840 140.5010 15.44897410 80796
CONNECTA T3.2           
1 58268U 23174N   25111.16948872  .00065864  00000+0  10435-2 0  9994
2 58268  97.4101 193.3267 0007090 217.5940 142.4818 15.53166700 80884
CHUANGXIN 20A (CX-20A)  
1 58425U 23181A   25111.47592943 -.00000034  00000+0  16908-3 0  9996
2 58425  49.9591  73.0753 0013390  61.9017 298.3212 13.41448630 69149
CHUANGXIN 20B (CX-20B)  
1 58426U 23181B   25111.48172837 -.00000052  00000+0  13653-3 0  9998
2 58426  49.9589  73.0982 0011470  64.7930 295.4135 13.41451121 69133
CHUANGXIN 20C (CX-20C)  
1 58427U 23181C   25111.47867414 -.00000038  00000+0  16173-3 0  9994
2 58427  49.9589  73.0834 0011402  53.2925 306.8998 13.41451655 69149
COSMOS 2572             
1 58435U 23182A   25110.82145386  .00000293  18869-5  29968-5 0  9997
2 58435  96.6949 216.7010 0023730 205.4721 154.5386 15.89472772 81387
CHUANGXIN 19 (CX-19)    
1 58505U 23190A   25111.51671885  .00000110  00000+0  17476-3 0  9998
2 58505  86.4980 118.5291 0001958 100.2083 259.9281 13.39515898 68242
COSMOS 2573             
1 58614U 23201A   25111.50856725  .00008671  00000+0  35900-3 0  9991
2 58614  97.5850  49.6096 0002225  62.1439 298.0023 15.24175595 74234
COSMOS 2574             
1 58658U 23209A   25111.55209479  .00054038  87582-6  36190-3 0  9997
2 58658  96.6660   7.6116 0000314 120.1739 239.9559 15.75250602 71552
COSMOS 2575             
1 58929U 24026A   25111.56171470  .00052892  00000+0  32026-3 0  9999
2 58929  96.6783   8.1483 0004369 107.6697 252.5049 15.77422980 69250
CE-SAT-IE               
1 58987U 24032A   25111.12188719  .00000864  00000+0  16020-3 0  9994
2 58987  98.0547 168.8858 0002499  10.9344 349.1915 14.67730122 62914
CONTECSAT-1             
1 59117U 24043V   25111.50410075  .00014908  00000+0  56404-3 0  9991
2 59117  97.5108 240.3765 0011436 290.7876  69.2138 15.26987893 62708
CAPELLA-14 (ACADIA-4)   
1 59444U 24066C   25110.87292645  .00018235  00000+0  15026-2 0  9990
2 59444  45.6076 301.1785 0007265 224.2510 135.7791 14.98872603 48820
CENTAURI-6              
1 59451U 24066K   25110.81142749  .00007877  00000+0  63771-3 0  9992
2 59451  45.6060 291.0568 0002946 305.7747  54.2860 15.00257609 56575
CZ-6C R/B               
1 59681U 24085E   25111.49681708  .00047904  00000+0  67113-3 0  9995
2 59681  97.3358 195.7380 0037646 166.8698 193.3546 15.55786520 53855
COSMOS 2576             
1 59773U 24092A   25110.91579322  .00017560  00000+0  68517-3 0  9993
2 59773  97.4058 225.2727 0005838 103.9851 256.2037 15.25966488 52011
CATCH-1                 
1 60088U 24116A   25111.54201017  .00004449  00000+0  52210-3 0  9999
2 60088  28.9948 257.5048 0004710  78.5286 281.5836 14.82895658 44976
CURIUM ONE              
1 60242U 24128H   25110.46669624  .00013467  00000+0  95406-3 0  9990
2 60242  61.9819 253.1980 0047093  42.0343 318.4346 15.04210792 42698
CATSAT                  
1 60246U 24125J   25110.52216814  .00013024  00000+0  45016-3 0  9998
2 60246  97.2653 322.5068 0041822 272.4641  87.1812 15.29191691 42334
CAPELLA-13 (ACADIA-3)   
1 60419U 24142A   25111.18773609  .00012064  00000+0  13370-2 0  9992
2 60419  53.0053  99.5611 0001322  90.6141 269.4991 14.87646319 37591
CONNECTA IOT-1          
1 60472U 24149E   25110.67699274  .00007722  00000+0  33850-3 0  9997
2 60472  97.4119 188.3978 0001162 358.2967   1.8265 15.22266142 37492
CONNECTA IOT-3          
1 60475U 24149H   25110.62327598  .00008428  00000+0  36475-3 0  9992
2 60475  97.4067 188.3101 0002629 326.2255  33.8814 15.22671867 37498
CONNECTA IOT-2          
1 60522U 24149BG  25111.36711037  .00009526  00000+0  38400-3 0  9992
2 60522  97.4143 189.9944 0006686  19.6882 340.4613 15.25022808 37654
CONNECTA IOT-4          
1 60524U 24149BJ  25111.37983046  .00018305  00000+0  69043-3 0  9998
2 60524  97.4112 190.0124 0006712   7.8394 352.2948 15.27081772 37662
CUAVA-2                 
1 60527U 24149BM  25111.18710231  .00011424  00000+0  45949-3 0  9998
2 60527  97.4072 189.6970 0007731   4.0922 356.0378 15.25039854 37639
CAPELLA-15 (ACADIA-5)   
1 60544U 24149CE  25111.19620365  .00012448  00000+0  12181-2 0  9994
2 60544  97.7116 188.5446 0004889  49.6151 310.5494 14.92443490 36918
CHAMRAN-1               
1 61072U 24165B   25111.57606951  .00007451  00000+0  49763-3 0  9991
2 61072  64.0922 343.8246 0018796 309.4740  50.4710 15.07576390 33049
COSMOS 2579             
1 61730U 24197A   25111.51921738  .00008120  00000+0  33626-3 0  9999
2 61730  97.5569  26.9150 0009197  38.2825 321.9063 15.24156767 26227
COLIBRI-S (RS67S)       
1 61746U 24199M   25111.55018391  .00020281  00000+0  67452-3 0  9990
2 61746  97.3648 340.5306 0012522   7.4627 352.6798 15.31121488 72588
COSMOS 2580             
1 62216U 24230A   25110.88176050 -.00000017  00000+0  41630-4 0  9998
2 62216  67.1478 357.2533 0005598 265.5409  94.5036 13.96674219 19160
CROCUBE                 
1 62394U 24247T   25110.92820078  .00021801  00000+0  88599-3 0  9991
2 62394  44.9870  70.0443 0006955 111.1434 249.0192 15.24236726 18482
CTC-0                   
1 62401U 24247AA  25110.92278608  .00012350  00000+0  50737-3 0  9998
2 62401  44.9894  69.1957 0000534 331.2190  28.8662 15.24265372 18492
CENTISPACE-1 S7         
1 62576U 25007B   25111.51601116  .00001969  00000+0  31465-3 0  9997
2 62576  54.9789  86.2423 0017744 147.8006 212.4080 14.75860965 14524
CENTISPACE-1 S8         
1 62577U 25007C   25111.51107176  .00002007  00000+0  32045-3 0  9994
2 62577  54.9848  86.2746 0015433 138.8018 221.4150 14.75820571 14522
CENTISPACE-1 S9         
1 62578U 25007D   25111.43634269  .00001877  00000+0  30135-3 0  9996
2 62578  54.9808  86.4738 0014637 157.4475 202.7171 14.75870987 14511
CENTISPACE-1 S10        
1 62579U 25007E   25111.53686626  .00001975  00000+0  31464-3 0  9997
2 62579  54.9855  86.4217 0012458 141.9948 218.1933 14.76016472 14528
CENTISPACE-1 S11        
1 62580U 25007F   25111.50810980  .00001985  00000+0  31732-3 0  9997
2 62580  54.9764  86.1755 0013684 149.2991 210.8812 14.75826068 14528
CENTISPACE-1 S12        
1 62581U 25007G   25111.52263553  .00001996  00000+0  31859-3 0  9990
2 62581  54.9768  86.2591 0015463 155.1203 205.0545 14.75864930 14531
CENTISPACE-1 S13        
1 62582U 25007H   25111.51383886  .00001982  00000+0  31689-3 0  9998
2 62582  54.9828  86.2700 0014953 147.2378 212.9552 14.75820343 14523
CENTISPACE-1 S14        
1 62583U 25007J   25111.48366387  .00001960  00000+0  31387-3 0  9993
2 62583  54.9810  86.7332 0014827 146.3491 213.8453 14.75793327 14517
CENTISPACE-1 S15        
1 62584U 25007K   25111.47819262  .00003828  00000+0  58912-3 0  9996
2 62584  54.9810  86.7080 0016441 143.8733 216.3381 14.75378778 14510
CENTISPACE-1 S16        
1 62585U 25007L   25111.40924306  .00003452  00000+0  53485-3 0  9999
2 62585  54.9809  86.9768 0016448 141.9219 218.2946 14.75341357 14509
CONNECTA IOT-8          
1 62695U 25009CQ  25110.69665945  .00002441  00000+0  24652-3 0  9995
2 62695  97.7387 191.5658 0002561   9.0937 351.0328 14.91964913 14282
CONNECTA IOT-5          
1 62703U 25009CY  25110.65569873  .00001998  00000+0  19650-3 0  9992
2 62703  97.7331 191.5563 0003345  55.2900 304.8635 14.93226571 14280
CENTAURI-7              
1 62708U 25009DD  25110.68312239  .00006325  00000+0  60236-3 0  9997
2 62708  97.7379 191.7388 0001866 136.6134 223.5233 14.93735781 14305
CONNECTA IOT-6          
1 62709U 25009DE  25110.70894731  .00002801  00000+0  27604-3 0  9990
2 62709  97.7333 191.6451 0003299  99.0136 261.1457 14.92832556 14305
CENTAURI-8              
1 62714U 25009DK  25110.67462586  .00006082  00000+0  57749-3 0  9999
2 62714  97.7342 191.7113 0003255 115.0141 245.1417 14.93867714 14318
CONNECTA IOT-7          
1 62715U 25009DL  25110.76392202  .00002569  00000+0  25238-3 0  9991
2 62715  97.7379 191.7793 0002761 130.2076 229.9386 14.93024772 14291
COSMOS 2581             
1 62902U 25026A   25110.26841003  .00002293  00000+0  21573-3 0  9993
2 62902  81.9953 145.4832 0011092  23.7972 336.3758 14.93451697 11068
COSMOS 2582             
1 62903U 25026B   25109.66540848  .00003473  00000+0  32797-3 0  9990
2 62903  81.9955 146.0970 0011097  25.4974 334.6790 14.93450349 10965
COSMOS 2583             
1 62904U 25026C   25110.93007674  .00002834  00000+0  26616-3 0  9991
2 62904  81.9940 144.7793 0015787  26.1521 334.0491 14.93559886 11143
COSMOS 2584 [GLONASS-K2]
1 63130U 25042A   25110.80870247  .00000065  00000+0  00000+0 0  9990
2 63130  64.8488  87.1867 0007546 236.9963 122.9270  2.13103589  1040
CREW DRAGON 10          
1 63204U 25049A   25110.80612053  .00018394  00000+0  33215-3 0  9990
2 63204  51.6357 231.2470 0005404  58.1998 301.9517 15.49764499  5410
CLARITY-1               
1 63227U 25052T   25111.26004924  .00005574  00000+0  28336-3 0  9996
2 63227  97.4419   5.9317 0005460 163.0618 197.0799 15.17247855  5755
COSMOS 2585             
1 63288U 25054A   25111.57104757  .00000047  00000+0  27754-3 0  9997
2 63288  82.4990 341.0463 0013664 263.2581  96.6942 12.40411212  4489
COSMOS 2586             
1 63289U 25054B   25111.55287082  .00000013  00000+0  23911-4 0  9994
2 63289  82.4939 341.0138 0019232 222.9987 136.9591 12.42776401  4474
COSMOS 2587             
1 63290U 25054C   25111.20225088  .00000042  00000+0  22999-3 0  9992
2 63290  82.5003 341.2119 0013814 208.0660 151.9676 12.42824509  4433
