KOREASAT 5 (MUGUNGWHA 5)
1 29349U 06034A   25110.91202652 -.00000354  00000+0  00000+0 0  9997
2 29349   0.6898  89.0298 0002074 346.1163 215.4890  1.00271659 37081
KKS-1 (KISEKI)          
1 33499U 09002H   25111.49065673  .00003105  00000+0  40363-3 0  9996
2 33499  98.1220  22.8912 0007271 206.6154 153.4686 14.81425762874155
KOREASAT 6              
1 37265U 10070B   25110.84990706 -.00000107  00000+0  00000+0 0  9990
2 37265   0.0110 151.4805 0001707 227.0590 296.4933  1.00272089 52531
KAZSAT-2                
1 37749U 11035B   25111.40662207 -.00000194  00000+0  00000+0 0  9990
2 37749   0.0407 280.1270 0001442 175.8405 346.6700  1.00271670 50346
KAZSAT-3                
1 39728U 14023B   25111.18677596  .00000064  00000+0  00000+0 0  9996
2 39728   0.0240   2.5840 0000096  94.9997 237.6680  1.00272913 40212
KAZEOSAT 1              
1 39731U 14024A   25111.50049954  .00000468  00000+0  15561-3 0  9998
2 39731  98.3607 188.3811 0001233  93.0822 267.0509 14.42019850577834
KAZEOSAT 2              
1 40010U 14033A   25111.57767394  .00000731  00000+0  92753-4 0  9994
2 40010  97.5802 327.7409 0007528 269.5517  90.4835 14.84462496586395
KOMPSAT-3A              
1 40536U 15014A   25111.51049153  .00023175  00000+0  68092-3 0  9992
2 40536  97.6525  75.1272 0001380  33.9376 326.1955 15.35130465556797
KENT RIDGE 1            
1 41167U 15077B   25111.46649437  .00006826  00000+0  27736-3 0  9991
2 41167  14.9789 153.7638 0008938  64.5587 295.5659 15.19567471516914
KAIDUN 1                
1 41915U 17002C   25111.54749513  .00071188  00000+0  10237-2 0  9997
2 41915  97.1622 140.0844 0004681 167.5243 192.6129 15.55827683458341
KOREASAT 7              
1 42691U 17023A   25111.34097128 -.00000358  00000+0  00000+0 0  9994
2 42691   0.0263  49.6596 0001208 355.9161  42.7221  1.00271156 29210
KANOPUS-V-IK            
1 42825U 17042A   25111.54778543  .00005535  00000+0  24278-3 0  9991
2 42825  97.3809  19.9720 0001968  94.5572 265.5890 15.22372989431194
KOREASAT 5A             
1 42984U 17067A   25111.48328034 -.00000355  00000+0  00000+0 0  9992
2 42984   0.0094 264.2204 0001314 145.9463  86.7727  1.00271741 27406
KANOPUS-V 3             
1 43180U 18014A   25111.53152839  .00005547  00000+0  24300-3 0  9998
2 43180  97.3809  19.9511 0002091  92.1491 267.9984 15.22410176400545
KANOPUS-V 4             
1 43181U 18014B   25111.49847272  .00005952  00000+0  26059-3 0  9999
2 43181  97.3817  20.0287 0001878  91.9414 268.2037 15.22404120400558
KHALIFASAT              
1 43676U 18084F   25111.51642923  .00005161  00000+0  43151-3 0  9998
2 43676  98.0765 272.4554 0013934  72.1725 288.1016 14.98890006352557
KAZSTSAT                
1 43783U 18099AB  25111.08225086  .00002437  00000+0  20802-3 0  9993
2 43783  97.4821 156.1123 0008455  39.4082 320.7754 14.98550058348069
KAZSCISAT-1             
1 43787U 18099AF  25111.14701280  .00126897  00000+0  18187-2 0  9998
2 43787  97.4521 179.3555 0004007 247.4597 112.6233 15.55715690350003
KANOPUS-V 5             
1 43876U 18111A   25111.51448384  .00005522  00000+0  24194-3 0  9993
2 43876  97.3809  19.9283 0001981  92.3865 267.7598 15.22409392348578
KANOPUS-V 6             
1 43877U 18111B   25111.51376133  .00008722  00000+0  28891-3 0  9999
2 43877  97.3832  23.2444 0002024  80.7921 279.3549 15.31533953348773
KX-09                   
1 44520U 19058B   25111.50827171  .00003622  00000+0  33537-3 0  9995
2 44520  97.7887 122.3729 0009181 318.5543  41.4980 14.95110299306991
KL-ALPHA A              
1 44785U 19077A   25110.89674958  .00000083  00000+0  10136-3 0  9991
2 44785  88.9033 269.2567 0009171 258.3078 101.7047 13.55988998268505
KL-ALPHA B              
1 44786U 19077B   25110.89246981  .00000078  00000+0  94408-4 0  9992
2 44786  88.8893 267.4304 0024796 303.1559  56.7216 13.55951405267959
KOREASAT 116            
1 45920U 20048A   25111.20094580 -.00000358  00000+0  00000+0 0  9997
2 45920   0.0096  58.2891 0001145   7.3474 332.4448  1.00269847 17403
KEPLER-4 (ANTILLES)     
1 46499U 20068P   25110.92039545  .00148916  00000+0  10210-2 0  9998
2 46499  97.8107 106.1790 0003339 158.2523 201.8883 15.74276121252289
KSM1-C                  
1 46906U 20081B   25111.47344708  .00013347  00000+0  64457-3 0  9999
2 46906  36.8929 124.6050 0004818 281.9323  78.0883 15.18033308244940
KSM1-D                  
1 46907U 20081C   25111.45885307  .00011961  00000+0  59553-3 0  9994
2 46907  36.8961 127.7518 0006017 299.9182  60.0966 15.17000694244916
KSM1-A                  
1 46912U 20081H   25111.45523987  .00011617  00000+0  56784-3 0  9994
2 46912  36.8955 124.8481 0002442 356.5343   3.5386 15.17666223244946
KSM1-B                  
1 46914U 20081K   25111.48460486  .00012269  00000+0  61246-3 0  9996
2 46914  36.9005 127.4205 0007189 326.0189  34.0096 15.16895764244198
KL-BETA A               
1 49059U 21070A   25111.53748345  .00000182  00000+0  12701-3 0  9990
2 49059  88.9823 264.6677 0000877  94.0452 266.0823 13.94297723189171
KL-BETA B               
1 49060U 21070B   25111.50737019  .00000185  00000+0  12805-3 0  9993
2 49060  88.9822 264.6126 0005229  19.3048 340.8324 13.94623572189192
KOSEN-1                 
1 49402U 21102H   25111.55807692  .00011289  00000+0  53352-3 0  9998
2 49402  97.3762 157.6053 0014619 247.1298 112.8393 15.19474147189846
KEPLER-16 (ASTRAEUS)    
1 51057U 22002CB  25111.18154572  .00087712  00000+0  99618-3 0  9997
2 51057  97.3390 189.8073 0003192  70.0912 290.0690 15.62046928182056
KSLV-II DUMMY           
1 52895U 22065B   25111.36784083  .00000179  00000+0  48295-4 0  9991
2 52895  98.1714 251.6315 0006984 268.8028  91.2371 14.58582018150860
KHAYYAM                 
1 53370U 22096A   25111.54248664  .00010943  00000+0  44152-3 0  9991
2 53370  97.3709  18.1461 0002846  83.0041 277.1521 15.24968184150337
KSF3-B                  
1 55019U 23001L   25111.46635815  .00072108  00000+0  14063-2 0  9997
2 55019  97.3744 181.1768 0009398  98.7937 261.4378 15.47217794128087
KSF3-D                  
1 55085U 23001CE  25111.47905892  .00094407  00000+0  16442-2 0  9995
2 55085  97.3732 181.1497 0007584 150.0565 210.1121 15.50392222128115
KSF3-A                  
1 55086U 23001CF  25111.48966954  .00076268  00000+0  15131-2 0  9992
2 55086  97.3781 181.3871 0010532 136.1543 224.0544 15.46690647128105
KUWAITSAT-1             
1 55103U 23001CY  25111.15302212  .00015293  00000+0  47894-3 0  9990
2 55103  97.3788 174.6314 0012747 152.1449 208.0478 15.33110432127621
KEPLER-20               
1 56217U 23054AR  25111.22208040  .00120829  00000+0  16756-2 0  9991
2 56217  97.3348  14.6003 0010219 132.2375 227.9749 15.56584647113418
KEPLER-21               
1 56218U 23054AS  25111.28474173  .00028060  00000+0  56216-3 0  9990
2 56218  97.3263  12.3301 0007824 122.1162 238.0848 15.46668611113327
KONDOR-FKA NO. 1        
1 56756U 23074A   25111.49165011  .00008608  00000+0  40534-3 0  9992
2 56756  97.4382 307.1377 0001606  83.3833 276.7585 15.19768180105645
KUZGTU 1 (RS47S)        
1 57217U 23091AV  25111.49286394  .00016489  00000+0  78730-3 0  9997
2 57217  97.5635 168.7054 0015539 133.1986 227.0550 15.19018541100146
KUIPER-P2               
1 58013U 23154A   25111.58334491  .00340360  00000+0  97564-3 0  9998
2 58013  29.9550 232.8647 0002021 341.9054  51.4507 15.91228626 86662
KORSAT 7                
1 58463U 23185B   25111.52307584  .00003955  00000+0  31656-3 0  9994
2 58463  97.6092 178.5152 0026749 318.1850  41.7330 15.00471201 76039
KOYOH                   
1 58464U 23185C   25111.52959340  .00010318  00000+0  60404-3 0  9992
2 58464  97.5776 181.2990 0006631 332.9566  27.1318 15.12001767 76285
KORSAT-1                
1 59452U 24066L   25111.53798016  .00008381  00000+0  70488-3 0  9991
2 59452  45.4108 270.4066 0009039 271.1642  88.8201 14.98680479 56798
KINEIS-1B               
1 60079U 24114A   25111.53278164  .00002011  00000+0  27607-3 0  9998
2 60079  98.0130 132.2905 0003416  49.5106 310.6403 14.79504091 45035
KINEIS-1C               
1 60081U 24114C   25111.48587225  .00003654  00000+0  49948-3 0  9992
2 60081  98.0133 132.0428 0002834 101.4166 258.7364 14.79182492 45008
KINEIS-1D               
1 60082U 24114D   25111.48147834  .00001599  00000+0  24256-3 0  9992
2 60082  98.0140 130.7994 0003026 100.6686 259.4864 14.75485454 44925
KINEIS-1E               
1 60083U 24114E   25111.51221529  .00001843  00000+0  25386-3 0  9998
2 60083  98.0130 132.1620 0002379  70.1967 289.9500 14.79455218 45015
KINEIS-1A               
1 60084U 24114F   25111.48748826  .00002207  00000+0  30182-3 0  9994
2 60084  98.0138 132.2074 0004780  67.3768 292.7949 14.79562372 45012
KANYINI                 
1 60556U 24149CS  25111.19734441  .00023619  00000+0  86347-3 0  9996
2 60556  97.4094 189.6407 0000832 336.8439  23.2762 15.28080212 37620
KINEIS-3C               
1 61220U 24172A   25110.82838878  .00003668  00000+0  59006-3 0  9993
2 61220  98.0228 200.8130 0002677  94.1397 266.0117 14.72150818 30925
KINEIS-3D               
1 61221U 24172B   25111.23064619  .00004286  00000+0  68737-3 0  9992
2 61221  98.0227 201.2384 0002320  81.7629 278.3841 14.72193917 31261
KINEIS-3E               
1 61222U 24172C   25111.14510422  .00003825  00000+0  61131-3 0  9990
2 61222  98.0240 201.1903 0003536 108.6568 251.5023 14.72407471 31251
KINEIS-3A               
1 61223U 24172D   25111.19559456  .00004374  00000+0  70039-3 0  9993
2 61223  98.0226 201.3020 0002019  42.6000 317.5363 14.72250460 31266
KINEIS-3B               
1 61224U 24172E   25111.24775956  .00004299  00000+0  68917-3 0  9993
2 61224  98.0232 201.3816 0001416  24.0951 336.0322 14.72210843 31268
KOSAR                   
1 61769U 24199AL  25111.55533044  .00024683  00000+0  78225-3 0  9992
2 61769  97.3620 340.7720 0008324  24.9802 335.1841 15.32675882 69459
KOREASAT 6A             
1 61910U 24206A   25110.98405035 -.00000358  00000+0  00000+0 0  9999
2 61910   0.0176 253.3054 0001760 150.4286 275.8566  1.00272056  1738
KINEIS-5C               
1 62081U 24219A   25111.49597718  .00001845  00000+0  29956-3 0  9996
2 62081  97.9656 273.8715 0000117 324.3453  35.7746 14.72311359 21705
KINEIS-5D               
1 62082U 24219B   25111.52909418  .00001853  00000+0  30138-3 0  9998
2 62082  97.9654 273.9812 0000561 217.5613 142.5556 14.72225161 21719
KINEIS-5E               
1 62083U 24219C   25111.49030021  .00001809  00000+0  28348-3 0  9991
2 62083  97.9653 274.0314 0000929 112.3335 247.7972 14.73903194 21719
KINEIS-5A               
1 62084U 24219D   25111.48932716  .00001752  00000+0  27953-3 0  9991
2 62084  97.9657 274.0375 0002076 172.1136 188.0105 14.73133851 21719
KINEIS-5B               
1 62085U 24219E   25111.47748827  .00002936  00000+0  42687-3 0  9995
2 62085  97.9651 274.3581 0002486 153.8457 206.2879 14.76689917 21738
KONDOR-FKA NO. 2        
1 62138U 24223A   25111.51687672  .00008634  00000+0  40705-3 0  9994
2 62138  97.4339 316.2112 0001658  88.0625 272.0800 15.19726504 21666
KORSAT-2                
1 62377U 24247A   25110.47474332  .00006044  00000+0  51224-3 0  9997
2 62377  45.4092  99.2593 0004194 131.4853 228.6385 14.98808530 18145
KINEIS-2C               
1 62929U 25028B   25111.04798943  .00000038  00000+0  13797-4 0  9990
2 62929  98.0104 165.7693 0002038 111.6240 248.5185 14.72626076 10495
KINEIS-2D               
1 62930U 25028C   25111.30561659  .00002912  00000+0  45251-3 0  9995
2 62930  97.9819 166.0237 0004911 114.9763 245.1956 14.73810941 10535
KINEIS-2E               
1 62931U 25028D   25111.21409289  .00003095  00000+0  46392-3 0  9996
2 62931  97.9484 165.9036 0002086  98.7819 261.3627 14.75331744 10526
KINEIS-2A               
1 62932U 25028E   25111.34583309  .00002725  00000+0  42337-3 0  9991
2 62932  97.9869 166.1004 0003821  85.1313 275.0332 14.73868811 10533
KINEIS-2B               
1 62934U 25028G   25111.38802344  .00003228  00000+0  47147-3 0  9993
2 62934  97.9488 166.1449 0003348  74.6192 285.5387 14.76421220 10546
KINEIS-4E               
1 63300U 25056A   25108.77157343  .00004393  00000+0  67305-3 0  9995
2 63300  97.9765 235.5819 0005008 180.2599 179.8608 14.74167293  4677
KINEIS-4C               
1 63301U 25056B   25111.55295135  .00005109  00000+0  76326-3 0  9997
2 63301  97.9733 238.3182 0000907 178.6340 181.4872 14.75188002  5085
KINEIS-4D               
1 63302U 25056C   25111.55018709  .00005086  00000+0  75799-3 0  9995
2 63302  97.9732 238.3218 0001333 186.0106 174.1087 14.75295454  5089
KINEIS-4A               
1 63303U 25056D   25111.34101622  .00004329  00000+0  65778-3 0  9995
2 63303  97.9728 238.1287 0002934 174.8111 185.3128 14.74539780  5057
KINEIS-4B               
1 63304U 25056E   25111.53975707  .00004859  00000+0  72285-3 0  9999
2 63304  97.9733 238.3357 0003543 156.4718 203.6653 14.75393887  5076
