LCS 1                   
1 01361U 65034C   25109.97346686 -.00000004  00000+0 -15889-2 0  9993
2 01361  32.1380 101.8750 0011713  62.6480 297.5208  9.89308473167975
LES-5                   
1 02866U 67066E   25110.89281025 -.00000065  00000+0  00000+0 0  9991
2 02866   1.6682 112.7715 0054504 190.2144 355.6143  1.09425433126412
LAGEOS 1                
1 08820U 76039A   25109.56285262 -.00000002  00000+0  00000+0 0  9997
2 08820 109.8635  34.2288 0044452  32.5900 121.8817  6.38665144886493
LUSAT (LO-19)           
1 20442U 90005G   25111.47278699  .00000340  00000+0  13862-3 0  9997
2 20442  98.8999 116.2645 0011723   8.3227 351.8148 14.33929487842012
LATINSAT B              
1 27606U 02058B   25111.27229862  .00002013  00000+0  30426-3 0  9997
2 27606  64.5545 102.6509 0055756   1.8858 358.2444 14.76028656199850
LATINSAT A              
1 27612U 02058H   25111.47664653  .00001783  00000+0  22648-3 0  9997
2 27612  64.5557 189.9123 0045598 312.3368  47.3880 14.84211698205261
LARETS                  
1 27944U 03042F   25111.49958792  .00000212  00000+0  50190-4 0  9991
2 27944  98.3598 261.2287 0011030 272.7945  87.1994 14.63745835151752
LAPAN-TUBSAT            
1 29709U 07001A   25111.48804412  .00001414  00000+0  17126-3 0  9995
2 29709  98.1076  97.1216 0013641 115.3712 244.8916 14.85243537988552
LUCH-5A                 
1 37951U 11074B   25110.77197353 -.00000037  00000+0  00000+0 0  9998
2 37951   7.6762  80.1334 0002308 314.9727 259.0759  1.00276040 48818
LARES                   
1 38077U 12006A   25111.18843606 -.00000039  00000+0 -78543-6 0  9996
2 38077  69.4883 293.0593 0006430  76.5801 283.5942 12.54931945604226
LUCH-5B                 
1 38977U 12061A   25110.60079160 -.00000127  00000+0  00000+0 0  9991
2 38977   9.5654  53.9274 0000940 152.1088 202.9197  1.00272523 45363
LANDSAT 8               
1 39084U 13008A   25111.46266843  .00000756  00000+0  17766-3 0  9992
2 39084  98.1889 182.7221 0001117  99.6479 260.4845 14.57135579648303
LUCH-5V                 
1 39727U 14023A   25111.47963137 -.00000261  00000+0  00000+0 0  9996
2 39727   4.0778  73.6927 0002701 337.0503  66.4257  1.00267874558284
LEMUR-1                 
1 40044U 14033AL  25111.39937059  .00003829  00000+0  47030-3 0  9996
2 40044  97.7338 267.8168 0050984  22.1068 338.2328 14.82705672583315
LING QIAO               
1 40136U 14051A   25111.48397236  .00000179  00000+0  86318-4 0  9993
2 40136  98.6912 108.3629 0020296 331.9402  28.0684 14.30165648554764
LUCH (OLYMP-K 1)        
1 40258U 14058A   25110.88848193 -.00000018  00000+0  00000+0 0  9993
2 40258   0.8003  87.8750 0001772 298.7186 136.5258  1.00416564 36764
LILACSAT-2              
1 40908U 15049K   25111.49804400  .00018597  00000+0  50550-3 0  9996
2 40908  97.5108 130.6942 0008553 349.4382  10.6681 15.37573184530680
LINGQIAO VIDEO A        
1 40959U 15057B   25111.49745143  .00001550  00000+0  22888-3 0  9993
2 40959  97.6545 122.7399 0016564 194.8278 165.2449 14.76522835513169
LINGQIAO VIDEO B        
1 40960U 15057C   25111.49738363  .00001556  00000+0  22933-3 0  9998
2 40960  97.6536 123.9636 0016737 195.0395 165.0320 14.76595112513202
LMRST-SAT               
1 40971U 15058H   25111.19472056  .00004970  00000+0  43421-3 0  9990
2 40971  64.7746 142.8607 0169880 212.7048 146.3457 14.87449079 50728
LAOSAT 1                
1 41034U 15067A   25111.20065137 -.00000339  00000+0  00000+0 0  9999
2 41034   0.0042  37.8921 0001908 322.3217  50.0593  1.00270355 34617
LAPAN-A3                
1 41603U 16040E   25111.50419850  .00006356  00000+0  22470-3 0  9994
2 41603  97.1392 118.0482 0013181  85.9366 274.3381 15.29429285490280
LEMUR-2-GREENBERG       
1 42837U 17042N   25110.92922335  .00016241  00000+0  82402-3 0  9994
2 42837  97.3675 293.8096 0012356  57.1060 303.1361 15.16936273424095
LEMUR-2-ANDIS           
1 42838U 17042P   25110.91459132  .00017557  00000+0  87526-3 0  9997
2 42838  97.3628 293.3997 0013011  61.8133 298.4413 15.17528854424087
LEMUR-2-MONSON          
1 42839U 17042Q   25110.93158142  .00018069  00000+0  97458-3 0  9991
2 42839  97.3968 293.9521 0008826  45.0108 315.1838 15.14783909423985
LEMUR-2-FURIAUS         
1 42840U 17042R   25110.44426887  .00019860  00000+0  10491-2 0  9994
2 42840  97.3674 292.4772 0011629 108.6634 251.5862 15.15478120423918
LEMUR-2-PETERG          
1 42841U 17042S   25111.49070530  .00019635  00000+0  99396-3 0  9993
2 42841  97.3944 296.8798 0005239  42.5893 317.5746 15.17030686424185
LEMUR-2-DEMBITZ         
1 42842U 17042T   25111.48951712  .00017475  00000+0  91474-3 0  9992
2 42842  97.3783 295.7339 0009790  65.3250 294.9001 15.15844444424187
LEMUR-2-ZACHARY         
1 42845U 17042W   25111.07763528  .00021483  00000+0  90811-3 0  9994
2 42845  97.3746 298.3459 0006304  97.0666 263.1288 15.23228767424472
LKW-1                   
1 43034U 17077A   25111.50074721  .00011125  00000+0  46193-3 0  9997
2 43034  97.1541 161.7571 0003616 113.3621 246.7997 15.23984475410494
LKW-2                   
1 43080U 17084A   25111.47730285  .00011185  00000+0  46581-3 0  9993
2 43080  97.1771 165.6671 0002350 103.9968 256.1531 15.23886319407456
LEO 1 (LEO VANTAGE 1)   
1 43113U 18004C   25111.17281933  .00003923  00000+0  28534-3 0  9990
2 43113  99.2866 329.6898 0360811 291.2105  65.0910 14.64646640375645
LKW-3                   
1 43146U 18006A   25111.54744803  .00014599  00000+0  58380-3 0  9992
2 43146  97.6094 255.4723 0003237  16.3399 343.7942 15.25203917404240
LEMUR-2-JIN-LUEN        
1 43182U 18014C   25111.21156721  .00036316  00000+0  11288-2 0  9997
2 43182  97.5612  22.1949 0008801  20.8224 339.3374 15.33213572395586
LEMUR-2-URAMCHANSOL     
1 43183U 18014D   25111.32003658  .00283074  00000+0  21716-2 0  9992
2 43183  97.5292  29.6204 0005915  66.1502 294.0380 15.71219731396087
LEMUR-2-KADI            
1 43184U 18014E   25111.28302690  .00030312  00000+0  95778-3 0  9991
2 43184  97.5211  20.9231 0006652 356.6519   3.4677 15.32743753395631
LEMUR-2-THENICKMOLO     
1 43185U 18014F   25111.28221715  .00087826  00000+0  16905-2 0  9996
2 43185  97.5649  25.9284 0003345  28.7833 331.3600 15.47573679395848
LKW-4                   
1 43236U 18025A   25111.40101628  .00021752  00000+0  60446-3 0  9995
2 43236  97.5924 255.1786 0003854  44.2755 315.8796 15.36884074394806
LUOJIA-1 01             
1 43485U 18048B   25111.48701838  .00004555  00000+0  54054-3 0  9993
2 43485  97.8429 191.2481 0010654  70.9008 289.3359 14.84928902371569
LEMUR-2-GUSTAVO         
1 43885U 18111K   25110.76641002  .03359401  25436-5  21221-2 0  9995
2 43885  97.5888  42.0001 0008704 179.5488 180.5808 16.17633638347135
LEMUR-2-ZO              
1 43886U 18111L   25111.30393933  .00506805  00000+0  21689-2 0  9995
2 43886  97.5973  40.7151 0005163 105.0550 255.1291 15.83851183345167
LUCAS (JDRS-1)          
1 47202U 20089A   25111.13725046 -.00000231  00000+0  00000+0 0  9997
2 47202   0.0692  90.1981 0002784 299.7118 319.7413  1.00270818 16169
LEMUR-2-AMANDA-SVANTE   
1 48269U 21034B   25110.63132696  .00020902  00000+0  11737-2 0  9997
2 48269  97.6189 179.2668 0001664 258.6638 101.4406 15.13351024216768
LEMUR-2-SPECIAL-K       
1 48273U 21034F   25111.19673640  .00031027  00000+0  14881-2 0  9996
2 48273  97.6068 180.9816 0000761 107.0237 253.1080 15.18832773216967
LEDSAT                  
1 49069U 21073D   25111.15482777  .00068325  00000+0  10531-2 0  9997
2 49069  97.3915 190.8710 0011201 248.2774 111.7287 15.53876625203740
LANDSAT 9               
1 49260U 21088A   25111.22257167  .00000814  00000+0  19055-3 0  9997
2 49260  98.1916 182.5551 0001087  90.6312 269.5011 14.57130114189549
LDPE-1                  
1 49818U 21118B   25110.57872397  .00000096  00000+0  00000+0 0  9993
2 49818   2.6387  84.1016 0003274 147.5779  57.9817  0.99246932 12390
L-SAR 01A               
1 51284U 22007A   25111.53402061  .00001542  00000+0  17218-3 0  9995
2 51284  97.8094 119.9883 0001610  90.1952 269.9449 14.88424551175752
L-SAR 01B               
1 51822U 22018A   25111.50037268  .00001600  00000+0  17845-3 0  9996
2 51822  97.8113 119.9379 0001481  94.4889 265.6497 14.88417753170986
LYNK TOWER 1            
1 52162U 22033F   25110.89362418  .00028829  00000+0  45302-3 0  9991
2 52162  97.2914 198.6733 0003543 242.9754 117.1138 15.53595543170628
LARES-2                 
1 53105U 22080A   25110.57147330  .00000024  00000+0  00000+0 0  9999
2 53105  70.1433  90.2629 0004902  67.1386 292.9671  6.38965254 64664
LDPE-2                  
1 54219U 22144A   25110.51140256  .00000124  00000+0  00000+0 0  9992
2 54219   4.2502  70.8412 0002359 164.5932  18.1506  1.00011579  7571
LYNK TOWER 4            
1 55034U 23001AB  25110.15552331  .00014088  00000+0  55586-3 0  9999
2 55034  97.3781 168.8409 0010327 172.7597 187.3793 15.25608650127164
LYNK TOWER 3            
1 55046U 23001AP  25111.10663324  .00010490  00000+0  40781-3 0  9997
2 55046  97.3783 170.1971 0010381 170.3824 189.7615 15.26177616127338
LINUSS1                 
1 55246U 22144G   25111.33607292 -.00000118  00000+0  00000+0 0  9996
2 55246   4.3435  66.8202 0010037 299.8966 253.3169  0.99053363  7472
LINUSS2                 
1 55247U 22144H   25110.30407175 -.00000109  00000+0  00000+0 0  9991
2 55247   4.3409  66.8105 0009199 303.4185 235.7426  0.99051160  7527
LDPE-3A                 
1 55264U 23008B   25110.76086670 -.00000042  00000+0  00000+0 0  9999
2 55264   1.1308  86.3321 0000646  20.6896 208.2524  0.99254345  7581
LUCH-5X (OLYMP-K 2)     
1 55841U 23031A   25110.90600193  .00000037  00000+0  00000+0 0  9997
2 55841   0.0397 354.0141 0001159 161.4636  81.9045  1.00271385  7714
LUMELITE-4              
1 56309U 23057B   25110.91594495  .00013225  00000+0  70064-3 0  9997
2 56309   9.9930 354.3857 0005909  18.7485 341.2948 15.11979061109838
LONGJIANG 3             
1 56874U 23082A   25111.28910903  .00023240  00000+0  79380-3 0  9997
2 56874  49.1122  35.9882 0008097 326.5865  33.4569 15.30091816104611
LAYAN-23                
1 56939U 23084H   25111.49061218  .00069211  00000+0  70483-3 0  9993
2 56939  97.5476 249.2874 0000559  37.3520 322.7777 15.64914331103812
LEMUR-2-EMBRIONOVIS     
1 56970U 23084AQ  25110.78595217  .00010050  00000+0  36005-3 0  9999
2 56970  97.5753 238.5099 0010941  19.2560 340.9091 15.28896213102980
LEMUR-2-MANO            
1 57390U 23100E   25110.74055902  .00050928  00000+0  19419-2 0  9990
2 57390  99.4555  34.8915 0009034  28.6506 331.5221 15.26478016 96806
LEMUR-2-DEVERILL-M-T    
1 57391U 23100F   25111.50001990  .00036140  00000+0  17084-2 0  9990
2 57391  99.4371  32.6136 0010473  16.1281 344.0278 15.19265631 96827
LEO 3                   
1 57392U 23100G   25110.79333083  .00000027  00000+0  82816-4 0  9994
2 57392  99.5122 235.1464 0018491  26.3224 333.8857 13.68370705 87870
LUDI TANCE-4 01A        
1 57624U 23120A   25110.76453782 -.00000189  00000+0  00000+0 0  9990
2 57624  15.4333 204.3500 0003023 160.5940 209.0185  1.00273353  6311
LEMUR-2-BASS            
1 58259U 23174D   25110.68289254  .00012620  00000+0  43887-3 0  9992
2 58259  97.4159 188.2740 0008469 236.2307 123.8127 15.29823525 80516
LEMUR-2-DILIGHTFUL      
1 58260U 23174E   25111.22310554  .00320033  00000+0  22271-2 0  9996
2 58260  97.4115 196.5737 0010377 237.7057 122.3202 15.73392559 81063
LEMUR-2-GOOD-VIBES      
1 58263U 23174H   25111.22397030  .00303731  00000+0  21313-2 0  9995
2 58263  97.3973 195.9981 0008886 240.4643 119.5735 15.73259330 81085
LEMUR-2-SANITA-VETRA    
1 58267U 23174M   25111.21940163  .00244373  00000+0  19270-2 0  9994
2 58267  97.4069 196.1179 0010678 238.4188 121.6033 15.70623814 81085
LEMUR-2-THE-CLEANER     
1 58333U 23174CF  25111.18171866  .00519199  00000+0  21256-2 0  9998
2 58333  97.4024 198.0123 0012066 250.8812 109.1152 15.84694804 81204
LEMUR-2-JK0903EM1407    
1 58336U 23174CJ  25110.66242752  .00015060  00000+0  46526-3 0  9992
2 58336  97.4166 190.2459 0007694 189.5045 170.6053 15.33601950 80641
LEMUR-2-MJR092620       
1 58340U 23174CN  25110.21176673  .00016249  00000+0  49650-3 0  9997
2 58340  97.4227 190.5181 0007907 189.9606 170.1481 15.33931768 80590
LILIUM-1                
1 58467U 23185F   25111.50713936  .00034098  00000+0  10561-2 0  9991
2 58467  97.3800 180.7762 0008412 268.1539  91.8740 15.33342940 77129
LIANGXI (DI'ER-1)       
1 58586U 23199A   25111.54397111  .00089002  00000+0  10988-2 0  9993
2 58586  97.4364 240.4801 0005389 270.5328  89.5310 15.59847851 75379
LEMUR-2-NIMBUS2000      
1 58899U 24022A   25111.49233999  .00017644  00000+0  68502-3 0  9992
2 58899  97.4545 314.6976 0012884 173.3664 186.7748 15.26072340 67682
LEMUR-2-VALHALLA        
1 58900U 24022B   25111.52348181  .00018979  00000+0  73416-3 0  9991
2 58900  97.4541 314.8052 0013212 170.6347 189.5140 15.26175181 67697
LEMUR-2-OBA-NI-JESU     
1 58902U 24022D   25111.54037363  .00036148  00000+0  10771-2 0  9994
2 58902  97.4508 316.8402 0009817 150.6157 209.5640 15.34545518 67834
LEMUR-2-CAEL            
1 58903U 24022E   25111.54016281  .00018876  00000+0  71503-3 0  9990
2 58903  97.4534 315.1960 0011585 154.1588 206.0232 15.26891550 67725
LACE-1                  
1 59118U 24043W   25111.32036229  .00334303  00000+0  17951-2 0  9994
2 59118  97.4830 248.3817 0008371 248.0074 112.0303 15.79314068 63243
LYNK TOWER 5            
1 59121U 24043Z   25110.81714850  .00008252  00000+0  33772-3 0  9995
2 59121  97.5078 238.9293 0010969 298.2124  61.8005 15.24529409 62565
LYNK TOWER 6            
1 59123U 24043AB  25111.35659141  .00011710  00000+0  47962-3 0  9997
2 59123  97.5054 239.1483 0010273 297.1403  62.8787 15.24408206 62638
LIZZIESAT               
1 59132U 24043AL  25111.34726066  .00006841  00000+0  29199-3 0  9998
2 59132  97.5076 239.2367 0010254 288.8164  71.1960 15.23183788 62634
LEMUR-2-JOHNNYTRUONG    
1 59146U 24043BA  25110.35909567  .00027506  00000+0  79224-3 0  9997
2 59146  97.4968 241.3917 0006329 261.2827  98.7700 15.35701461 62704
LEMUR-2-ROCINANTE       
1 59147U 24043BB  25111.28283059  .00024745  00000+0  71168-3 0  9993
2 59147  97.4983 242.4084 0007166 255.2423 104.8026 15.35762681 62840
LEGION 1                
1 59625U 24081A   25111.16629751  .00007912  00000+0  40667-3 0  9993
2 59625  97.5375 187.3443 0004284 232.1448 127.9398 15.16733693 53569
LEGION 2                
1 59626U 24081B   25111.46131474  .00007463  00000+0  38378-3 0  9994
2 59626  97.5380 187.7203 0003170 251.9774 108.1113 15.16741116 53619
LEGION 3                
1 60452U 24146A   25111.49416408  .00008166  00000+0  43008-3 0  9998
2 60452  45.0003 131.4924 0027572 320.2807  39.6052 15.15777788 38035
LEGION 4                
1 60453U 24146B   25111.49855906  .00009533  00000+0  50057-3 0  9990
2 60453  45.0373 222.4522 0006383 339.8475  20.2151 15.16009258 36883
LEMUR-2-TOMATOKECHUP    
1 60471U 24149D   25111.51888002  .00014653  00000+0  57578-3 0  9993
2 60471  97.4133 189.9241 0000361 310.5782  49.5425 15.25787466 37669
LOPEN                   
1 60473U 24149F   25110.66475077  .00015907  00000+0  60932-3 0  9995
2 60473  97.4113 189.1977 0000799  12.5550 347.5708 15.26618296 37541
LUR-1                   
1 60506U 24149AQ  25110.24812877  .00009933  00000+0  42227-3 0  9998
2 60506  97.4101 188.3171 0004638  19.6282 340.5133 15.23225761 37451
LEMU NGE                
1 60532U 24149BS  25111.20063756  .00004783  00000+0  44658-3 0  9996
2 60532  97.7193 188.5773 0001375  59.2531 300.8824 14.94645116 36908
LEMUR-2-STELLA          
1 60533U 24149BT  25111.20369226  .00013978  00000+0  11016-2 0  9995
2 60533  97.7096 189.6416 0002831 161.5238 198.6089 15.00880258 36986
LEMUR-2-MARHISYAM       
1 60536U 24149BW  25111.22619646  .00014990  00000+0  11870-2 0  9997
2 60536  97.7144 189.5502 0004030  58.7373 301.4245 15.00677846 36983
LEMUR-2-AHMED-ASRAR     
1 60576U 24149DN  25110.63711747  .00015857  00000+0  12154-2 0  9999
2 60576  97.7256 189.5825 0002362   6.3826 353.7428 15.01913124 36927
LEMUR-2-LLOYD           
1 60577U 24149DP  25110.68673140  .00013803  00000+0  11295-2 0  9993
2 60577  97.7155 188.8565 0004835 118.7573 241.4136 14.99430618 36885
LEMUR-2-SQUIRRELCOMM    
1 60578U 24149DQ  25111.17748491  .00009258  00000+0  74604-3 0  9994
2 60578  97.7192 189.6597 0005621  33.8045 326.3536 15.00126019 36984
LEMUR-2-SIERRINI        
1 60579U 24149DR  25110.68040613  .00015217  00000+0  12175-2 0  9997
2 60579  97.7175 189.1121 0004598 118.2180 241.9508 15.00275771 36895
LIZZIESAT-2             
1 62383U 24247G   25110.90280841  .00009783  00000+0  43239-3 0  9992
2 62383  44.9993  70.7571 0001387 251.4866 108.5864 15.21991929 18470
LASARSAT                
1 62391U 24247Q   25110.92881219  .00021080  00000+0  86048-3 0  9998
2 62391  44.9878  70.0546 0006230 111.7440 248.4105 15.24110807 18488
LIME                    
1 62648U 25009AR  25110.68383304  .00012870  00000+0  58845-3 0  9996
2 62648  97.4246 191.8245 0003084  69.7465 290.4102 15.20672653 14552
LYRA-1                  
1 62664U 25009BH  25110.62590924  .00013858  00000+0  86682-3 0  9993
2 62664  97.4357 190.9427 0010764 207.4815 152.5846 15.09482192 14487
LEMUR-2-WILSON          
1 62694U 25009CP  25110.82275278  .00004225  00000+0  41825-3 0  9998
2 62694  97.7331 191.6583 0003549  30.8155 329.3272 14.92375862 14308
LEMUR-2-STAR-FOX        
1 62696U 25009CR  25110.69253366  .00013448  00000+0  12536-2 0  9992
2 62696  97.7369 191.7143 0001436  25.0233 335.1057 14.94358457 14297
LEMUR-2-ARIANNA         
1 62699U 25009CU  25110.69005276  .00011294  00000+0  10577-2 0  9990
2 62699  97.7337 191.6843 0002517  63.3818 296.7659 14.94216503 14291
LEMUR-2-ALISIA          
1 62706U 25009DB  25110.65460186  .00011684  00000+0  10772-2 0  9990
2 62706  97.7411 191.8004 0001630 138.6698 221.4646 14.94829953 36879
LEMUR-2-ROUNDTRIPPER    
1 62711U 25009DG  25110.64395591  .00012894  00000+0  11812-2 0  9992
2 62711  97.7324 191.7304 0003993 105.5774 254.5888 14.95053250 14312
LEMUR-2-MYNAMEISJEFF    
1 62712U 25009DH  25110.71046513  .00013988  00000+0  12816-2 0  9998
2 62712  97.7391 191.8600 0002933 135.6623 224.4833 14.95030090 14321
LEGION 5                
1 62900U 25025A   25110.90378482  .00000548  00000+0  15483-3 0  9991
2 62900  45.0481   3.4535 0005746 142.9904 217.1350 14.57034950 10932
LEGION 6                
1 62901U 25025B   25110.91366978  .00020944  00000+0  51673-3 0  9993
2 62901  44.9939 315.8556 0011126 187.1104 172.9627 15.40185708 11548
LIZZIESAT (LS-3)        
1 63233U 25052Z   25110.67468781  .00004314  00000+0  22246-3 0  9997
2 63233  97.4387   5.3228 0006345 180.4821 179.6407 15.16864193  5664
LEMUR-2-LEIA-PHILIP     
1 63246U 25052AN  25111.21532588  .00005868  00000+0  58402-3 0  9997
2 63246  97.7293   5.6637 0004120 171.2154 188.9138 14.92005753  5633
LEMUR-2-LIA-MARTIN      
1 63248U 25052AQ  25110.94232286  .00006945  00000+0  68604-3 0  9992
2 63248  97.7359   5.4238 0004415 133.8063 226.3521 14.92239524  5596
LEMUR-2-DELOITTE-1      
1 63259U 25052BB  25111.25923355  .00007338  00000+0  71245-3 0  9995
2 63259  97.7373   5.7816 0003373  80.0568 280.1032 14.92914600  5640
LEMUR-2-EMERSONROSE     
1 63261U 25052BD  25111.25183872  .00009503  00000+0  91170-3 0  9995
2 63261  97.7347   5.7841 0002947  60.7344 299.4170 14.93308787  5645
LEMUR-2-MARACHE-FRAN    
1 63262U 25052BE  25111.17786376  .00009747  00000+0  92797-3 0  9991
2 63262  97.7338   5.7251 0002866  38.6476 321.4948 14.93607070  5636
LEMUR-2-THEFALCONER     
1 63264U 25052BG  25111.18081707  .00006730  00000+0  64680-3 0  9999
2 63264  97.7311   5.7154 0001931  15.6496 344.4783 14.93348949  5639
LEMUR-2-BALTO           
1 63395U 25052BH  25110.64014143  .00009655  00000+0  91776-3 0  9999
2 63395  97.7327   5.1983 0002834  26.4605 333.6759 14.93669659  5558
LEMUR-2-MARACHE-FRAN    
1 63396U 25052BJ  25088.26217952  .00003893  00000+0  37899-3 0  9999
2 63396  97.7387 343.1835 0004247  78.4226 281.7470 14.93086536  2223
