PHASE 3B (AO-10)        
1 14129U 83058B   25109.37671186  .00000106  00000+0  00000+0 0  9992
2 14129  26.8974 290.7179 6053035 358.4455   0.2507  2.05870141286767
POLAR                   
1 23802U 96013A   25110.19545708  .00000199  00000+0  00000+0 0  9999
2 23802  79.3974 231.6418 6078075 223.3569  68.3997  1.29846476139365
PCSAT (NO-44)           
1 26931U 01043C   25110.83787730  .00000416  00000+0  18670-3 0  9996
2 26931  67.0504 256.4443 0005613 271.1372  88.9087 14.31702024229985
PROBA-1                 
1 26958U 01049B   25111.49766943  .00004825  00000+0  33214-3 0  9996
2 26958  97.9482 101.3975 0059815 106.1221 254.6600 15.04918149280205
PROBA-2                 
1 36037U 09059B   25111.11407366  .00000465  00000+0  11950-3 0  9993
2 36037  98.2380 295.6000 0014076 140.1945 220.0287 14.54520255820256
PAKSAT-1R               
1 37779U 11042A   25110.93933734  .00000158  00000+0  00000+0 0  9993
2 37779   0.0566  68.1531 0001199 306.3654 210.9284  1.00274424 50244
PLEIADES 1A             
1 38012U 11076F   25111.49958429  .00000821  00000+0  18646-3 0  9997
2 38012  98.1996 187.5849 0001401  82.9489 334.7169 14.58568242710530
PLEIADES 1B             
1 39019U 12068A   25111.45414117  .00000828  00000+0  18801-3 0  9994
2 39019  98.1967 187.5026 0001313  91.4704 268.6646 14.58545287659373
PROBA-V                 
1 39159U 13021A   25111.46297425  .00000172  00000+0  93829-4 0  9997
2 39159  98.3204 106.9904 0003006 295.9398  64.1471 14.23470880621119
POPACS 1                
1 39268U 13055D   25110.43322556  .00086924  77155-6  86595-3 0  9997
2 39268  80.9725 148.4396 0266252 155.8935 205.5042 15.32257720606931
POPACS 2                
1 39269U 13055E   25110.86211433  .00025926  00000+0  51060-3 0  9998
2 39269  80.9934 261.1697 0484641  93.0130 272.6625 14.74032534600648
POPACS 3                
1 39270U 13055F   25110.92154781  .00007830  00000+0  20237-3 0  9995
2 39270  81.0062 323.7556 0588120 267.4556  85.9221 14.46643471577309
PERSEUS-M2              
1 40037U 14033AD  25111.53200513  .00003152  00000+0  30480-3 0  9992
2 40037  97.9521  50.5060 0010670 255.5899 104.4136 14.93503482588304
PERSEUS-M1              
1 40039U 14033AF  25111.38348072  .00003098  00000+0  29990-3 0  9993
2 40039  97.9267  45.4736 0010416 254.7812 105.2256 14.93469859588143
POLYITAN-1              
1 40042U 14033AJ  25110.92602554  .00018491  00000+0  93774-3 0  9998
2 40042  98.1027  97.7470 0010867 156.8865 203.2858 15.16956051589250
PROPCUBE 3              
1 40973U 15058K   25111.42160844  .00005654  00000+0  46229-3 0  9996
2 40973  64.7678 126.3980 0164659 214.3921 144.6448 14.90309204 51868
PROPCUBE 1 (FLORA)      
1 40976U 15058N   25111.17802594  .00005417  00000+0  48939-3 0  9993
2 40976  64.7742 160.1669 0169359 214.3083 144.6998 14.86147615 53485
PERUSAT 1               
1 41770U 16058A   25111.47428507  .00000757  00000+0  17272-3 0  9996
2 41770  98.1897 186.2099 0001375  93.5560 266.5796 14.58560387457624
PISAT                   
1 41784U 16059B   25111.47912106  .00002280  00000+0  40490-3 0  9996
2 41784  97.8188 125.5260 0031201 111.0635 249.3912 14.67788292457855
PATHFINDER 1            
1 41787U 16059E   25111.48313024  .00001593  00000+0  29168-3 0  9999
2 41787  97.8159 125.1939 0030369 109.4526 250.9965 14.66819887457871
PROMETHEUS 2-1          
1 41854U 16067G   25111.09775447  .00047414  00000+0  10517-2 0  9990
2 41854  98.0844 318.8137 0007455  76.4596 283.7480 15.43565080462760
PROMETHEUS 2-3          
1 41855U 16067H   25111.10671745  .00049134  00000+0  10908-2 0  9994
2 41855  98.0789 318.0275 0006625  86.8110 273.3894 15.43536164462764
PAZ                     
1 43215U 18020A   25111.48420556  .00004162  00000+0  20118-3 0  9997
2 43215  97.4443 119.9059 0001822  85.3070 274.8372 15.19167763396993
PODSAT                  
1 43229U 18023B   25110.77678905  .00093623  00000+0  10032-2 0  9992
2 43229  26.8360 309.7156 3844545  41.4343 342.1590  7.85920168158071
PAKTES 1A               
1 43529U 18056A   25111.51099463  .00005077  00000+0  45166-3 0  9993
2 43529  98.0689 247.4640 0023420  72.7012 287.6768 14.96341932368803
PRSS 1                  
1 43530U 18056B   25111.46471010  .00001872  00000+0  24846-3 0  9992
2 43530  97.8275 185.0493 0001264  90.2551 269.8806 14.80955581365997
POLAR SCOUT KODIAK      
1 43764U 18099G   25111.13474130  .00026503  00000+0  93625-3 0  9997
2 43764  97.4711 178.8088 0009355 309.8983  50.1433 15.29142514349744
POLAR SCOUT YUKON       
1 43808U 18099BC  25111.15953456  .00018302  00000+0  82371-3 0  9995
2 43808  97.5146 176.1658 0006681  32.9879 327.1772 15.21123428349026
PRISMA                  
1 44072U 19015A   25111.49444858  .00001896  00000+0  23613-3 0  9990
2 44072  97.8663 187.3212 0001368  97.9258 262.2111 14.83634464329529
PROX-1                  
1 44339U 19036A   25110.90738117  .00014487  00000+0  18941-2 0  9995
2 44339  23.9974  27.8045 0007098 227.4363 132.5535 14.78708895310652
PEARL WHITE 1           
1 44497U 19054C   25111.38157542  .00700260  21276-3  18015-2 0  9995
2 44497  44.9849 106.9880 0011004  95.9682 264.2481 15.94341888314843
PALISADE                
1 44634U 19069A   25110.67349472  .00000163  00000+0  42017-3 0  9993
2 44634  87.9003   3.7890 0010866 115.8895 244.3355 13.11891089263711
PLEIADES NEO 3          
1 48268U 21034A   25111.51288700  .00002282  00000+0  29650-3 0  9997
2 48268  97.8938 187.3287 0001053 118.7231 241.4088 14.81678597215216
PACE-1                  
1 48909U 21059AG  25110.43182312  .00031936  00000+0  70080-3 0  9999
2 48909  97.6734 270.7273 0005549  77.0397 283.1469 15.43983580211993
PLEIADES NEO 4          
1 49070U 21073E   25111.47911277  .00002454  00000+0  31831-3 0  9994
2 49070  97.8937 187.2905 0001202 124.6540 235.4786 14.81670847198924
PAYLOAD B               
1 49113U 21076B   25111.49063326  .00000364  00000+0  19814-3 0  9995
2 49113  86.4018 251.8072 0021815  88.4659 271.9022 14.09290717188032
PUJIANG 2 (PJ-2)        
1 52151U 22031B   25111.54707827  .00001154  00000+0  11486-3 0  9995
2 52151  97.8524 292.0722 0012538 156.6745 203.5046 14.93554716166848
PLATFORM-1              
1 52770U 22057AQ  25111.34474971  .00098463  00000+0  14317-2 0  9993
2 52770  97.6013 252.0289 0004797 159.6752 200.4693 15.55420576161786
PVSAT                   
1 52894U 22065A   25110.83651383  .00000726  00000+0  16397-3 0  9992
2 52894  98.1669 250.4423 0008180 250.7778 109.2537 14.59115921150755
PIESAT A                
1 56153U 23047A   25111.50278622  .00006754  00000+0  37243-3 0  9991
2 56153  97.5018 299.6735 0001922  82.4290 277.7160 15.14299323113983
PIESAT B                
1 56154U 23047B   25111.50278487  .00007844  00000+0  43190-3 0  9990
2 56154  97.5011 299.6705 0001558 107.8308 252.3094 15.14300269113988
PIESAT C                
1 56155U 23047C   25111.50278433  .00004078  00000+0  22633-3 0  9997
2 56155  97.5030 299.6729 0001906 103.6709 256.4735 15.14300984113983
PIESAT D                
1 56156U 23047D   25111.50278261  .00007752  11382-7  42430-3 0  9999
2 56156  97.5045 299.6724 0001651 106.0496 254.0918 15.14300853114390
POEM-2                  
1 56308U 23057A   25106.63220753  .00004632  00000+0  36656-3 0  9994
2 56308   9.8874 117.5064 0021524 357.1113   2.8974 14.93106457108367
POLYTECH-UNIVERSE 3 (R*)
1 57191U 23091AB  25111.50799885  .00009165  00000+0  50828-3 0  9995
2 57191  97.5625 167.0410 0018457 147.1868 213.0514 15.13853242100043
PRETTY                  
1 58023U 23155H   25111.18519470  .00014742  00000+0  80702-3 0  9996
2 58023  97.6045 186.0370 0003331  80.7287 279.4321 15.14335184 84294
PVCC                    
1 58025U 23155K   25111.50509821  .00010490  00000+0  65051-3 0  9999
2 58025  97.6104 185.1201 0006216 135.0435 225.1298 15.09907171 84239
PLATERO                 
1 58262U 23174G   25110.66992240  .00019488  00000+0  48647-3 0  9998
2 58262  97.4192 192.1765 0008626 207.4592 152.6199 15.40179434 80749
PEARL 1H                
1 58265U 23174K   25111.52051571  .00054914  00000+0  13286-2 0  9993
2 58265  97.4070 190.6460 0007488 225.4430 134.6206 15.40916148 80760
PICO-01B009             
1 58287U 23174AH  25111.46417879  .00030377  00000+0  85152-3 0  9996
2 58287  97.4131 190.8884 0007183 203.0009 157.0914 15.36522991 80758
PELICAN-1               
1 58296U 23174AS  25109.23245669  .00029074  00000+0  80231-3 0  9999
2 58296  97.4237 191.2516 0010121 261.0203  98.9895 15.36995626 80400
PROTOMETHEE             
1 58321U 23174BT  25111.47118566  .00010146  00000+0  40992-3 0  9992
2 58321  97.4141 187.8559 0008321 209.4545 150.6225 15.24917199 80561
PICO-01A003             
1 58326U 23174BY  25111.51249596  .00018316  00000+0  63326-3 0  9993
2 58326  97.4146 189.0198 0007664 223.3067 136.7572 15.29933188 80636
PICO-01G005             
1 58330U 23174CC  25111.50818655  .00750286  22716-3  25151-2 0  9999
2 58330  97.3933 198.1282 0008083 242.3499 117.6954 15.90081567 81259
PEARL 1C                
1 58342U 23174CQ  25111.48559747  .00078510  00000+0  15383-2 0  9990
2 58342  97.4188 194.5403 0008953 170.8614 189.2800 15.47060526 80977
PACE                    
1 58928U 24025A   25111.38594569  .00001090  00000+0  21229-3 0  9992
2 58928  98.1175  44.7378 0003065 118.8187 241.3324 14.65017842 64160
PARS 1                  
1 59065U 24039Q   25111.52041820  .00015082  00000+0  43843-3 0  9995
2 59065  97.4358  79.0320 0011391 182.0149 178.1050 15.35491033 63739
PE2_FLT2  (TYVAK-0262)  
1 59104U 24043G   25111.32379405  .00004858  00000+0  45672-3 0  9996
2 59104  97.7886 238.2647 0007095  22.2274 337.9252 14.94349661 61609
PE2_FLT1 (TYVAK-0261)   
1 59105U 24043H   25111.32617495  .00004626  00000+0  43331-3 0  9994
2 59105  97.7879 238.2663 0005280  10.3674 349.7654 14.94532353 61605
PREFIRE-2               
1 59881U 24099A   25111.14632249  .00006353  00000+0  32425-3 0  9991
2 59881  97.4584 329.2208 0011849 233.9478 126.0658 15.17007054 50064
PAKSAT-MM1              
1 59915U 24104A   25110.93933734  .00000158  00000+0  00000+0 0  9992
2 59915   0.0094 223.1133 0001673 170.1900 192.3203  1.00268791  3292
PREFIRE-1               
1 59965U 24108A   25111.40894825  .00007912  00000+0  38916-3 0  9997
2 59965  97.4848 262.6969 0011231 272.1134  87.8814 15.18232031 48480
PHISAT 2                
1 60470U 24149C   25111.22270814  .00015741  00000+0  65969-3 0  9998
2 60470  97.4118 189.1792 0000220  34.1344 325.9908 15.23603871 37595
PTD-R (TYVAK-0127)      
1 60523U 24149BH  25110.68707212  .00040280  00000+0  10949-2 0  9996
2 60523  97.4067 191.1156 0004158 359.0259   1.0977 15.37437074 37685
PTD-4 (LISA-T)          
1 60565U 24149DB  25110.77539891  .00022439  00000+0  16011-2 0  9990
2 60565  97.7244 190.1736 0004625  73.9837 286.1898 15.04536468 36966
POLYTECH UNIVERSE-5     
1 61745U 24199L   25111.51687161  .00029200  00000+0  91287-3 0  9995
2 61745  97.3622 340.6687 0010264  16.2909 343.8661 15.33060758 72590
POLYTECH UNIVERSE-4     
1 61747U 24199N   25111.56738170  .00019459  00000+0  65623-3 0  9999
2 61747  97.3648 340.5059 0012540   5.6578 354.4802 15.30681504 72584
PROTOSAT-1              
1 61793U 24201B   25111.20732615  .00025757  00000+0  26478-2 0  9995
2 61793  97.9204  20.0297 0009319  83.7280 276.4998 14.90279106 24717
PROGRESS-MS 29          
1 62030U 24215A   25110.80612053  .00018394  00000+0  33215-3 0  9990
2 62030  51.6357 231.2470 0005404  58.1998 301.9517 15.49764499 22785
PROBA-3 CSC             
1 62256U 24233A   25109.88311685 -.00000024  00000+0 -11820-2 0  9993
2 62256  59.3167 134.0932 8081968 192.6017 114.4829  1.22068938  1652
PIESAT-2 09             
1 62333U 24241A   25111.49737928  .00019610  00000+0  10367-2 0  9994
2 62333  97.5188  59.7805 0001541 119.5703 240.5683 15.15512403 19014
PIESAT-2 10             
1 62334U 24241B   25111.50352083  .00019674  00000+0  10999-2 0  9993
2 62334  97.5112  59.6445 0001779  94.5929 265.5505 15.13519968 19017
PIESAT-2 11             
1 62335U 24241C   25111.46151833  .00018980  00000+0  98347-3 0  9992
2 62335  97.5036  59.8213 0002403  84.6493 275.5014 15.16228073 19023
PIESAT-2 12             
1 62336U 24241D   25111.53716984  .00019430  00000+0  10874-2 0  9994
2 62336  97.5116  59.8836 0001594  93.2648 266.8765 15.13485743 19024
PELICAN-2               
1 62631U 25009Y   25110.63941123  .00008875  00000+0  34143-3 0  9997
2 62631  97.4327 191.9549 0011055 218.9937 141.0505 15.26572201 14553
PAUSAT-1                
1 62653U 25009AW  25110.92628403  .00005911  00000+0  28413-3 0  9997
2 62653  97.4272 191.9928 0002147  50.4444 309.6980 15.19188841 14588
PROGRESS-MS 30          
1 63129U 25041B   25110.80612053  .00018394  00000+0  33215-3 0  9998
2 63129  51.6357 231.2470 0005404  58.1998 301.9517 15.49764499  5821
PUNCH-NFI (SMEX 15A)    
1 63178U 25047A   25111.49883868  .00001225  00000+0  19359-3 0  9996
2 63178  97.9557 299.6382 0012612  75.1801 285.0803 14.74026294  5945
PUNCH-WFI 1 (SMEX 15B)  
1 63179U 25047B   25111.50426788  .00001317  00000+0  20849-3 0  9991
2 63179  97.9579 299.6408 0012202  78.6216 281.6363 14.73831120  5946
PUNCH-WFI 3 (SMEX 15D)  
1 63180U 25047C   25111.51088174  .00001296  00000+0  20647-3 0  9999
2 63180  97.9534 299.6127 0011696  83.5621 276.6919 14.73587515  5945
PUNCH-WFI 2 (SMEX 15C)  
1 63181U 25047D   25111.51777642  .00001290  00000+0  20700-3 0  9999
2 63181  97.9557 299.6132 0011211  89.3375 270.9117 14.73302580  5944
PANDORE                 
1 63244U 25052AL  25111.22274634  .00005117  00000+0  51494-3 0  9992
2 63244  97.7351   5.6691 0005695 144.3583 215.8017 14.91616350  5637
POSAT-2                 
1 63488U 25009DR  25110.92455161  .00010485  00000+0  78248-3 0  9996
2 63488  97.5201 191.2318 0008771 141.1842 219.0015 15.02994957  3039
