QUETZSAT 1              
1 37826U 11054A   25111.50516932 -.00000238  00000+0  00000+0 0  9990
2 37826   0.0204  87.4923 0002578 314.8684 272.3288  1.00268925 49876
QB50P1                  
1 40025U 14033R   25110.91111378  .00010400  00000+0  65159-3 0  9995
2 40025  98.0808  90.7848 0009216 213.6555 146.4088 15.09533134589149
QB50P2                  
1 40032U 14033Y   25110.87651035  .00010093  00000+0  66893-3 0  9991
2 40032  98.0395  80.0580 0009305 156.1346 204.0314 15.07469952588888
QSS (MOZI)              
1 41731U 16051A   25111.54841659  .00024222  00000+0  42280-3 0  9991
2 41731  97.3010  30.5966 0008139 165.0881 195.0613 15.50654413484260
QZS-2 (MICHIBIKI-2)     
1 42738U 17028A   25110.70460034 -.00000184  00000+0  00000+0 0  9997
2 42738  40.0842 249.3132 0740287 270.6934  81.1514  1.00250421  3397
QZS-3 (MICHIBIKI-3)     
1 42917U 17048A   25111.52614225 -.00000344  00000+0  00000+0 0  9990
2 42917   0.0690 139.6539 0002696 262.7424 123.8935  1.00271219 28145
QZS-4 (MICHIBIKI-4)     
1 42965U 17062A   25111.52058475 -.00000294  00000+0  00000+0 0  9992
2 42965  40.3575 348.8661 0746676 270.5683 277.5349  1.00267990 27577
QZS-1R (MICHIBIKI-1R)   
1 49336U 21096A   25111.35998328 -.00000181  00000+0  00000+0 0  9999
2 49336  36.5860  85.8680 0753168 270.5365 119.5627  1.00273586 12778
QPS-SAR-5 (TSUKUYOMI-I) 
1 58578U 23196A   25111.50298217  .00016963  00000+0  99781-3 0  9999
2 58578  42.0130 235.5108 0017538 345.0750  14.9561 15.11218771 74211
QPS-SAR-7 (TSUKUYOMI-II)
1 59447U 24066F   25111.48459634  .00011238  00000+0  86544-3 0  9994
2 59447  45.6065 286.1471 0003006 260.0659  99.9884 15.01821366 56688
QIANFAN-1               
1 60379U 24140A   25110.94269434  .00000053  00000+0  62822-4 0  9997
2 60379  88.9829 323.6041 0017702 170.3146 189.8350 13.50948282 35519
QIANFAN-2               
1 60380U 24140B   25110.89747587  .00000040  00000+0  43484-4 0  9992
2 60380  88.9815 323.4808 0013849 142.0762 218.1367 13.50944316 35566
QIANFAN-3               
1 60381U 24140C   25111.57217729  .00000059  00000+0  73101-4 0  9998
2 60381  88.9807 323.5612 0014671 152.4969 207.6962 13.50945373 35568
QIANFAN-4               
1 60382U 24140D   25111.54749761  .00000056  00000+0  67380-4 0  9991
2 60382  88.9831 323.4025 0014063 142.8561 217.3566 13.50946031 35671
QIANFAN-5               
1 60383U 24140E   25111.52285392  .00000039  00000+0  41788-4 0  9990
2 60383  88.9807 323.5925 0015586 163.9603 196.2044 13.50945354 35546
QIANFAN-6               
1 60384U 24140F   25111.54337470  .00000065  00000+0  82563-4 0  9993
2 60384  88.9833 323.2739 0014021 148.4339 211.7656 13.50945942 35740
QIANFAN-7               
1 60385U 24140G   25111.57092379  .00000484  00000+0  19095-3 0  9997
2 60385  88.9834 321.2686 0017338  93.3130 267.0048 14.27417648 36845
QIANFAN-8               
1 60386U 24140H   25111.55167606  .00000063  00000+0  79444-4 0  9990
2 60386  88.9835 323.5063 0017387 151.9018 208.3075 13.50944739 35625
QIANFAN-9               
1 60387U 24140J   25111.52686975  .00000046  00000+0  52516-4 0  9995
2 60387  88.9833 323.5887 0017068 151.5414 208.6673 13.50949980 35563
QIANFAN-10              
1 60388U 24140K   25111.53114802  .00000061  00000+0  75706-4 0  9995
2 60388  88.9841 322.9140 0016137 130.1062 230.1507 13.50944520 35950
QIANFAN-11              
1 60389U 24140L   25111.56815668  .00000054  00000+0  65574-4 0  9991
2 60389  88.9769 323.6717 0015140 150.4688 209.7321 13.50944939 35455
QIANFAN-12              
1 60390U 24140M   25111.51459889  .00000057  00000+0  69420-4 0  9994
2 60390  88.9812 323.6179 0013712 157.7786 202.3962 13.50945155 35529
QIANFAN-13              
1 60391U 24140N   25111.55986826  .00000062  00000+0  78072-4 0  9994
2 60391  88.9824 323.6840 0013462 160.0964 200.0715 13.50945339 35508
QIANFAN-14              
1 60392U 24140P   25111.51051150  .00000064  00000+0  80255-4 0  9992
2 60392  88.9803 323.6371 0017114 161.8538 198.3227 13.50945282 35503
QIANFAN-15              
1 60393U 24140Q   25111.51865682  .00000044  00000+0  48918-4 0  9994
2 60393  88.9826 323.5371 0013351 146.9380 213.2608 13.50943327 35582
QIANFAN-16              
1 60394U 24140R   25111.50643305  .00000072  00000+0  92947-4 0  9992
2 60394  88.9829 323.6511 0014939 164.7974 195.3629 13.50944423 35539
QIANFAN-17              
1 60395U 24140S   25111.57631806  .00000064  00000+0  79669-4 0  9990
2 60395  88.9840 323.6635 0015539 158.6892 201.4909 13.50941098 35533
QIANFAN-18              
1 60396U 24140T   25111.55567836  .00000054  00000+0  64297-4 0  9990
2 60396  88.9832 323.2172 0015393 141.9237 218.3005 13.50942160 35763
QUBE                    
1 60476U 24149J   25110.63738673  .00020647  00000+0  74289-3 0  9996
2 60476  97.4109 189.5345 0001319 316.1377  43.9758 15.28631329 37569
QPS-SAR-8 (AMATERU-IV)  
1 60542U 24149CC  25111.21759989  .00009167  00000+0  77272-3 0  9997
2 60542  97.7148 189.3907 0004233  72.8680 287.3006 14.98394384 36968
QAEM 100 R/B            
1 61071U 24165A   25111.21310999  .00005758  00000+0  35433-3 0  9992
2 61071  64.0766 343.0107 0025602 326.6964  33.2539 15.10759578 33026
QIANFAN-19              
1 61552U 24185A   25110.95743174  .00000823  00000+0  42599-3 0  9992
2 61552  88.9801 104.9375 0007022   3.0620 357.0608 14.14016491 36342
QIANFAN-20              
1 61553U 24185B   25111.14441746  .00000734  00000+0  41904-3 0  9995
2 61553  88.9801 105.0013 0007587  34.0892 326.0777 14.08575635 36329
QIANFAN-21              
1 61554U 24185C   25111.50480015  .00001406  00000+0  62725-3 0  9999
2 61554  88.9716 104.5106 0012979  55.6914 304.5504 14.22213728 36537
QIANFAN-22              
1 61555U 24185D   25111.18861509  .00000360  00000+0  30043-3 0  9991
2 61555  88.9788 105.0314 0007337  14.1773 345.9602 13.86188838 36315
QIANFAN-23              
1 61556U 24185E   25110.90821645  .00000967  00000+0  48393-3 0  9998
2 61556  88.9794 104.8616 0008449  14.5356 345.6073 14.15961672 36374
QIANFAN-24              
1 61557U 24185F   25110.93251490  .00001169  00000+0  50878-3 0  9993
2 61557  88.9777 104.6497 0009690   5.1862 354.9429 14.23401536 36474
QIANFAN-25              
1 61558U 24185G   25111.18752191  .00000368  00000+0  21818-3 0  9998
2 61558  88.9795 104.8246 0006327   7.1684 352.9588 14.05553371 36421
QIANFAN-26              
1 61559U 24185H   25111.21572550  .00000219  00000+0  20702-3 0  9998
2 61559  88.9794 105.1477 0006914  24.6543 335.4952 13.77568112 36261
QIANFAN-27              
1 61560U 24185J   25111.51506204  .00001040  00000+0  42157-3 0  9997
2 61560  88.9788 104.5000 0008301 359.2690   0.8491 14.27022396 36618
QIANFAN-28              
1 61561U 24185K   25110.94646706  .00000473  00000+0  18771-3 0  9990
2 61561  88.9792 104.5566 0008349 357.4118   2.7031 14.27226926 36535
QIANFAN-29              
1 61562U 24185L   25111.50814067  .00000152  00000+0  21706-3 0  9997
2 61562  88.9790 105.5743 0011077  23.9711 336.1954 13.50950364 36036
QIANFAN-30              
1 61563U 24185M   25111.48877804  .00000234  00000+0  27763-3 0  9993
2 61563  88.9800 105.0537 0008726  22.4457 337.7081 13.64121198 36312
QIANFAN-31              
1 61564U 24185N   25111.40630733  .00000228  00000+0  28511-3 0  9999
2 61564  88.9816 105.2232 0008266  19.0384 341.1081 13.60872307 36224
QIANFAN-32              
1 61565U 24185P   25111.45318656  .00000116  00000+0  13191-3 0  9996
2 61565  88.9787 105.1381 0010358  22.4138 337.7471 13.63273794 36273
QIANFAN-33              
1 61566U 24185Q   25111.15641145  .00000669  00000+0  47613-3 0  9995
2 61566  88.9780 105.0538 0006676   0.0201   0.0975 13.96319758 36288
QIANFAN-34              
1 61567U 24185R   25111.15982105  .00000666  00000+0  42726-3 0  9997
2 61567  88.9759 104.9273 0006040  14.4436 345.6915 14.02072902 36370
QIANFAN-35              
1 61568U 24185S   25110.92369020  .00001481  00000+0  59752-3 0  9990
2 61568  88.9783 104.5367 0006664   3.4953 356.6287 14.27484100 36538
QIANFAN-36              
1 61569U 24185T   25111.49377666  .00000185  00000+0  24887-3 0  9990
2 61569  88.9771 105.5274 0006893  21.9897 338.1551 13.55525395 36104
QIANFAN-37              
1 62238U 24232B   25110.87225365  .00000174  00000+0  25103-3 0  9996
2 62238  88.9939  65.2238 0017169 155.1061 205.0922 13.50943502 67328
QIANFAN-38              
1 62239U 24232C   25111.56352411  .00000163  00000+0  23321-3 0  9995
2 62239  88.9946  65.0537 0015378 146.8834 213.3283 13.50946726 67471
QIANFAN-39              
1 62240U 24232D   25110.87557109  .00000786  00000+0  32864-3 0  9994
2 62240  88.9942  64.3675 0017984 125.0574 235.2309 14.25128629 67793
QIANFAN-40              
1 62241U 24232E   25110.90347239  .00000341  00000+0  30691-3 0  9993
2 62241  88.9943  64.5575 0017323 119.3695 240.9206 13.81657563 67696
QIANFAN-41              
1 62242U 24232F   25111.23432631  .00000187  00000+0  27088-3 0  9996
2 62242  88.9944  65.0436 0014893 143.7158 216.5006 13.50945338 67451
QIANFAN-42              
1 62243U 24232G   25110.86586655  .00000744  00000+0  31627-3 0  9994
2 62243  88.9940  64.3820 0016683 128.9010 231.3673 14.24237841 67795
QIANFAN-43              
1 62244U 24232H   25110.85990332  .00000171  00000+0  24601-3 0  9993
2 62244  88.9947  65.1365 0016138 150.4155 209.7913 13.50948269 36019
QIANFAN-44              
1 62245U 24232J   25110.90123171  .00000223  00000+0  32189-3 0  9997
2 62245  88.9943  64.9403 0014219 146.2350 213.9710 13.51840889 67492
QIANFAN-45              
1 62246U 24232K   25110.89257072  .00000172  00000+0  23181-3 0  9999
2 62246  88.9947  65.0867 0014877 146.8399 213.3690 13.55035135 67419
QIANFAN-46              
1 62247U 24232L   25111.50592046  .00000161  00000+0  23066-3 0  9992
2 62247  88.9946  65.1022 0015138 150.6559 209.5445 13.50944553 67452
QIANFAN-47              
1 62248U 24232M   25110.91746610  .00000144  00000+0  20485-3 0  9998
2 62248  88.9941  65.1044 0015490 151.3006 208.9001 13.50947357 67409
QIANFAN-48              
1 62249U 24232N   25110.88044242  .00000161  00000+0  23024-3 0  9998
2 62249  88.9945  65.1007 0017620 154.9843 205.2166 13.50945424 67403
QIANFAN-49              
1 62250U 24232P   25110.86809345  .00000162  00000+0  23236-3 0  9997
2 62250  88.9944  65.1164 0014950 148.5814 211.6234 13.50945829 35993
QIANFAN-50              
1 62251U 24232Q   25110.89276647  .00000157  00000+0  22414-3 0  9995
2 62251  88.9950  65.1090 0016543 150.4883 209.7205 13.50947578 36021
QIANFAN-51              
1 62252U 24232R   25111.54290553  .00000153  00000+0  21755-3 0  9994
2 62252  88.9945  65.0515 0013990 150.8612 209.3323 13.50947819 36108
QIANFAN-52              
1 62253U 24232S   25111.49792528  .00000224  00000+0  31997-3 0  9996
2 62253  88.9941  64.9391 0016475 143.3509 216.8774 13.52448061 36186
QIANFAN-53              
1 62254U 24232T   25111.47708120  .00000161  00000+0  23128-3 0  9997
2 62254  88.9948  65.0278 0015097 145.3200 214.8938 13.50945987 36142
QIANFAN-54              
1 62255U 24232U   25111.37886146  .00000236  00000+0  30021-3 0  9995
2 62255  88.9973  64.7309 0003006  51.4792 308.6634 13.60109429 67639
QIANFAN-55              
1 62785U 25016A   25110.87767843  .00000060  00000+0  75202-4 0  9996
2 62785  88.9846 127.4520 0015652 315.4132  44.5759 13.50941407 15343
QIANFAN-56              
1 62786U 25016B   25111.42562331  .00000182  00000+0  24165-3 0  9990
2 62786  88.9860 127.3069 0013523 320.6737  39.3434 13.56370459 15465
QIANFAN-57              
1 62787U 25016C   25111.51955316  .00000070  00000+0  89740-4 0  9997
2 62787  88.9850 127.3650 0013330 314.5238  45.4823 13.50945111 15440
QIANFAN-58              
1 62788U 25016D   25111.42474283  .00000164  00000+0  22118-3 0  9996
2 62788  88.9857 127.2914 0011538 312.2415  47.7759 13.55041965 15475
QIANFAN-59              
1 62789U 25016E   25110.91057745  .00000164  00000+0  23556-3 0  9997
2 62789  88.9844 127.3463 0013109 314.1517  45.8556 13.50943340 15402
QIANFAN-60              
1 62790U 25016F   25110.97640785  .00000055  00000+0  66556-4 0  9994
2 62790  88.9824 127.3642 0013446 311.3107  48.6886 13.50943461 15398
QIANFAN-61              
1 62791U 25016G   25111.20684639  .00000018  00000+0  90884-5 0  9999
2 62791  88.9892 127.3365 0012968 309.3542  50.6460 13.52788557 15446
QIANFAN-62              
1 62792U 25016H   25111.53044032  .00000049  00000+0  52969-4 0  9998
2 62792  88.9838 127.3052 0013746 312.0961  47.9023 13.55058313 15471
QIANFAN-63              
1 62793U 25016J   25110.88945016  .00000205  00000+0  26749-3 0  9998
2 62793  88.9844 127.3070 0013658 316.8059  43.2024 13.57775677 15427
QIANFAN-64              
1 62794U 25016K   25111.14513553  .00000176  00000+0  25462-3 0  9994
2 62794  88.9831 127.2845 0011895 308.1434  51.8645 13.50946985 15457
QIANFAN-65              
1 62795U 25016L   25110.90797783  .00000158  00000+0  21496-3 0  9990
2 62795  88.9828 127.3408 0012646 313.6192  46.3911 13.54149532 15404
QIANFAN-66              
1 62796U 25016M   25111.46487323  .00000208  00000+0  27049-3 0  9995
2 62796  88.9848 127.2281 0012533 308.9143  51.0894 13.58115110 15517
QIANFAN-67              
1 62797U 25016N   25111.53182424  .00000183  00000+0  26567-3 0  9994
2 62797  88.9837 127.2492 0013247 311.2366  48.7643 13.50942393 15504
QIANFAN-68              
1 62798U 25016P   25111.53579326  .00000183  00000+0  26211-3 0  9992
2 62798  88.9846 127.2893 0013468 309.7419  50.2545 13.51533071 15482
QIANFAN-69              
1 62799U 25016Q   25111.47895085  .00000207  00000+0  28608-3 0  9998
2 62799  88.9738 127.2334 0013731 288.9822  70.9842 13.54256305 15510
QIANFAN-70              
1 62800U 25016R   25111.47950057  .00000194  00000+0  28283-3 0  9996
2 62800  88.9841 127.2990 0013219 302.9793  57.0086 13.50672901 15472
QIANFAN-71              
1 62801U 25016S   25111.03540515  .00000229  00000+0  32137-3 0  9995
2 62801  88.9834 127.3394 0013566 318.6812  41.3314 13.53685752 15410
QIANFAN-72              
1 62802U 25016T   25111.46748292  .00000059  00000+0  70208-4 0  9998
2 62802  88.9823 127.3436 0017724 322.1331  37.8574 13.53940060 15450
QZS-6 (MICHIBIKI-6)     
1 62876U 25023A   25110.89628385 -.00000229  00000+0  00000+0 0  9991
2 62876   0.0955  62.7248 0000996 336.9095 222.7821  1.00269733   722
QIANFAN-73              
1 63159U 25046A   25111.21410986  .00000286  00000+0  25789-3 0  9991
2 63159  88.9864 344.3540 0015835  87.9338 272.3644 13.81027888 15563
QIANFAN-74              
1 63160U 25046B   25110.90617086  .00000174  00000+0  13170-3 0  9995
2 63160  88.9865 344.3645 0016301  90.9127 269.3914 13.89367074 15536
QIANFAN-75              
1 63161U 25046C   25111.46015804  .00000182  00000+0  23049-3 0  9993
2 63161  88.9864 344.3709 0017107  87.1281 273.1832 13.59139283 15573
QIANFAN-76              
1 63162U 25046D   25111.51678256  .00000119  00000+0  13505-3 0  9992
2 63162  88.9865 344.3609 0015678  87.6910 272.6043 13.63617591 15586
QIANFAN-77              
1 63163U 25046E   25110.94178948  .00000421  00000+0  29759-3 0  9996
2 63163  88.9863 344.3312 0016721  94.5499 265.7588 13.95962210 15555
QIANFAN-78              
1 63164U 25046F   25111.17774460  .00000342  00000+0  31316-3 0  9998
2 63164  88.9865 344.3670 0015496  90.5924 269.7020 13.80675085 15552
QIANFAN-79              
1 63165U 25046G   25111.52829393  .00000227  00000+0  26777-3 0  9991
2 63165  88.9866 344.3643 0016713  89.3451 270.9622 13.64211314 15597
QIANFAN-80              
1 63166U 25046H   25111.37792937  .00000409  00000+0  31656-3 0  9992
2 63166  88.9867 344.2862 0016908  92.4364 267.8745 13.90731527 15611
QIANFAN-81              
1 63167U 25046J   25111.16502442  .00000446  00000+0  34584-3 0  9994
2 63167  88.9866 344.3290 0015926  92.1343 268.1655 13.90832634 15569
QIANFAN-82              
1 63168U 25046K   25111.46721670  .00000283  00000+0  25801-3 0  9995
2 63168  88.9866 344.3031 0016542  89.3555 270.9508 13.80424859 15610
QIANFAN-83              
1 63169U 25046L   25111.45175383  .00000197  00000+0  23603-3 0  9991
2 63169  88.9865 344.3695 0015925  86.4842 273.8137 13.62914859 15587
QIANFAN-84              
1 63170U 25046M   25111.39173801  .00000222  00000+0  24666-3 0  9998
2 63170  88.9865 344.3614 0016787  87.5489 272.7594 13.67820949 15571
QIANFAN-85              
1 63171U 25046N   25110.72254323  .00000272  00000+0  25389-3 0  9992
2 63171  88.9869 344.3942 0017185  92.7193 267.5941 13.78911646 15501
QIANFAN-86              
1 63172U 25046P   25111.20013463  .00000406  00000+0  29899-3 0  9994
2 63172  88.9867 344.3161 0016231  91.9833 268.3201 13.93504595 15580
QIANFAN-87              
1 63173U 25046Q   25110.73626272  .00000296  00000+0  26127-3 0  9998
2 63173  88.9863 344.3785 0017551  92.3386 267.9793 13.82444983 15519
QIANFAN-88              
1 63174U 25046R   25110.65426069  .00000348  00000+0  26645-3 0  9995
2 63174  88.9870 344.3650 0016269  94.0890 266.2144 13.90977784 15514
QIANFAN-89              
1 63175U 25046S   25111.50949909  .00000230  00000+0  25001-3 0  9999
2 63175  88.9862 344.3236 0016767  87.4021 272.9060 13.69400755 15607
QIANFAN-90              
1 63176U 25046T   25111.50527984  .00000291  00000+0  29621-3 0  9994
2 63176  88.9865 344.3231 0015983  83.0536 277.2445 13.73913379 15609
QPS-SAR-9               
1 63205U 25050A   25111.51788725  .00010166  00000+0  87241-3 0  9999
2 63205  42.0207 262.1203 0003511 180.6731 179.4090 14.97484332  5612
