UOSAT 2 (UO-11)         
1 14781U 84021B   25110.81570206  .00002232  00000+0  24179-3 0  9998
2 14781  97.7501  78.1887 0008982 132.4531 227.7447 14.89191399194233
USA 65 (DSP 15)         
1 20929U 90095A   25110.14419847 -.00000055  00000+0  00000+0 0  9991
2 20929  14.2683 346.9786 0005198  87.5714 105.2777  0.98396686 21306
USA 75 (DSP 16)         
1 21805U 91080B   25110.30914674  .00000051  00000+0  00000+0 0  9991
2 21805  14.2339 348.5244 0005239  92.3334  98.9036  0.99186020 21512
UFO 2 (USA 95)          
1 22787U 93056A   25110.89525860  .00000132  00000+0  00000+0 0  9995
2 22787  11.7527   5.8039 0004548 344.9015 209.4137  1.00271935114317
USA 99 (MILSTAR-1 1)    
1 22988U 94009A   25110.40162075 -.00000190  00000+0  00000+0 0  9994
2 22988  16.9856  32.2215 0002108 345.7413 245.3470  1.00274504 28715
UFO 4 (USA 108)         
1 23467U 95003A   25110.67204367 -.00000014  00000+0  00000+0 0  9997
2 23467   9.7186  14.5552 0002131  18.6610 230.0348  1.00274984110711
USA 115 (MILSTAR-1 2)   
1 23712U 95060A   25111.16465130 -.00000013  00000+0  00000+0 0  9994
2 23712  13.9175   6.8275 0003714   7.2195 134.6878  1.00273620 27412
USA 119                 
1 23893U 96029A   25110.73813317  .00001429  00000+0  29482-3 0  9996
2 23893  63.3264 215.7098 0828959  42.7909 323.4687 13.44730508 48432
USA 134                 
1 25019U 97065A   25110.51001863 -.00000055  00000+0  00000+0 0  9996
2 25019  12.2790  24.7665 0004256 327.3221 288.1870  1.00274853 28719
UFO 10 (USA 146)        
1 25967U 99063A   25111.09926948 -.00000181  00000+0  00000+0 0  9992
2 25967   9.6989  29.3206 0002567 300.6120 252.3021  1.00270736 93100
USA 148                 
1 26052U 00001A   25111.53725484  .00000044  00000+0  00000+0 0  9990
2 26052  11.2148  35.5273 0001897 306.9759 240.9592  1.00272838 27396
USA 149 (DSP 20)        
1 26356U 00024A   25110.46173067  .00000103  00000+0  00000+0 0  9993
2 26356  12.8511  14.7663 0001154 175.2884  19.5992  1.00275048 28670
USA 153                 
1 26575U 00065A   25110.70208081 -.00000316  00000+0  00000+0 0  9990
2 26575  10.8931  38.7585 0001672 332.5889 224.9562  1.00271823 28698
USA 157 (MILSTAR-2 2)   
1 26715U 01009A   25110.51428539  .00000118  00000+0  00000+0 0  9995
2 26715  11.0781  22.2300 0037926 176.6666  45.0391  1.00273853 28703
USA 159 (DSP 21)        
1 26880U 01033A   25110.39717019 -.00000289  00000+0  00000+0 0  9995
2 26880  12.3867  19.3127 0000876 128.6738 154.6325  1.00276329 28727
USA 164 (MILSTAR-2 3)   
1 27168U 02001A   25110.98218147  .00000072  00000+0  00000+0 0  9993
2 27168  10.6754  24.2966 0100282   6.4436 191.1570  1.00277259 27415
USA 167                 
1 27691U 03008A   25110.53271843  .00000014  00000+0  00000+0 0  9991
2 27691  10.1181  47.0446 0003701 302.8906 288.8394  1.00270596  2535
USA 169 (MILSTAR-2 4)   
1 27711U 03012A   25110.60858449 -.00000221  00000+0  00000+0 0  9991
2 27711  11.7051  33.1330 0100485   8.3185 178.7208  1.00273940 28718
USA 170                 
1 27875U 03040A   25110.04697336  .00000136  00000+0  00000+0 0  9991
2 27875   9.5985  51.8077 0002112   5.3368 192.3566  1.00267857 28745
UFO 11 (USA 174)        
1 28117U 03057A   25110.83322602 -.00000097  00000+0  00000+0 0  9994
2 28117   8.5605  35.7006 0002662 332.4426 216.4769  1.00272048 78213
USA 176 (DSP 22)        
1 28158U 04004A   25110.76419030 -.00000212  00000+0  00000+0 0  9995
2 28158  11.4842  29.0423 0000913  52.1766 130.3666  1.00271889 28692
UK-DMC 2                
1 35683U 09041C   25111.49544433  .00001984  00000+0  30200-3 0  9994
2 35683  97.8238 253.6396 0001327 106.2296 253.9060 14.75014055844437
UWE-3                   
1 39446U 13066AG  25110.79700631  .00007482  00000+0  71724-3 0  9998
2 39446  97.8192  62.0266 0051827 284.9218  74.6266 14.92410444614480
UNIFORM 1               
1 39767U 14029B   25111.40031142  .00005050  00000+0  49049-3 0  9991
2 39767  97.8058 206.0936 0003872 269.2938  90.7837 14.93049904591244
UNISAT-6                
1 40012U 14033C   25111.56304852  .00005674  00000+0  65996-3 0  9990
2 40012  97.7364 269.1480 0048142  17.5148 342.7713 14.84853813583525
UKUBE-1                 
1 40074U 14037F   25111.36716533  .00014641  00000+0  10512-2 0  9990
2 40074  98.3892  69.4222 0003081 110.5403 249.6152 15.04421695584943
USA 270                 
1 41744U 16052A   25106.70086031 -.00000351  00000+0  00000+0 0  9991
2 41744   3.1026  82.6159 0063752 142.8175 351.6618  1.00266640 23859
USA 271                 
1 41745U 16052B   25106.69554980 -.00000268  00000+0  00000+0 0  9990
2 41745   3.0791  82.6213 0000343 263.4922 202.4244  1.00411455 23647
USA 283                 
1 43339U 18036A   25109.41686458 -.00000311  00000+0  00000+0 0  9993
2 43339   0.0148 237.0412 0000112 107.7521 147.1362  1.00269579  3155
USA 285                 
1 43445U 18036E   25108.56747568  .00000058  00000+0  00000+0 0  9993
2 43445   6.0801  71.9994 0010222 154.3660 354.7403  1.02111630 22609
USA 286                 
1 43446U 18036F   25111.30351481 -.00000191  00000+0  00000+0 0  9994
2 43446   6.0842  71.9353 0010062 151.6896 347.6440  1.02122807 22595
UWE-4                   
1 43880U 18111E   25110.28255425  .00026259  00000+0  10786-2 0  9994
2 43880  97.5920  22.4500 0013865  36.6748 323.5435 15.24090052345967
UPMSAT-2                
1 46276U 20061E   25110.57019169  .00071180  00000+0  81649-3 0  9998
2 46276  97.2481 183.5119 0001605 140.3258 219.8118 15.61852731257644
UNISAT-7                
1 47945U 21022P   25111.22018882  .00014820  00000+0  54111-3 0  9996
2 47945  97.4259   9.9873 0013254 133.2250 227.0099 15.28138174225170
UMBRA-05                
1 55036U 23001AD  25111.15903810  .00053713  00000+0  16074-2 0  9990
2 55036  97.3769 168.4474 0003360  77.0472 283.1146 15.34354795127220
USA 342                 
1 55263U 23008A   25109.68053356  .00000144  00000+0  00000+0 0  9994
2 55263   0.0131 251.6591 0000420  14.2349 210.9253  1.00270815  3151
UMKA 1 (RS40S)          
1 57172U 23091G   25111.53469012  .00009762  00000+0  52959-3 0  9993
2 57172  97.5630 167.1822 0016003 140.1409 220.1001 15.14657607100054
UTMN 2 (RS27S)          
1 57203U 23091AP  25111.50263285  .00017711  00000+0  80853-3 0  9996
2 57203  97.5645 170.1763 0012055 121.0778 239.1642 15.20598497100232
UMBRA-08                
1 58292U 23174AN  25111.20601353  .00053052  00000+0  18199-2 0  9997
2 58292  97.4110 186.4295 0002212 141.0269 219.1131 15.29976473 80431
UMBRA-07                
1 58297U 23174AT  25111.13333466  .00014648  00000+0  11240-2 0  9999
2 58297  97.4130 179.5254 0005584 141.7273 218.4350 15.01871312 79960
UHETSAT                 
1 58466U 23185E   25111.51496093  .00011739  00000+0  48145-3 0  9990
2 58466  97.3992 178.4782 0014892  11.0447 349.1114 15.24302903 76913
UNICORN-2M              
1 58726U 23185Q   25111.45863564  .00052931  00000+0  18078-2 0  9993
2 58726  97.5681 185.4716 0008503 309.7903  50.2587 15.30089905 71246
UNICORN-2L              
1 58727U 23185R   25111.40482102  .00012184  00000+0  69720-3 0  9991
2 58727  97.5850 181.2312 0014334 338.8426  21.2210 15.12710790 70853
UMBRA-09                
1 60541U 24149CB  25110.84495130  .00016231  00000+0  11892-2 0  9994
2 60541  97.7214 190.1214 0000797 264.1200  95.9935 15.03619640 36974
UMBRA-10                
1 60547U 24149CH  25111.17767979  .00017427  00000+0  12758-2 0  9990
2 60547  97.7226 190.4421 0000376  90.7895 269.3373 15.03634013 37034
UM5-RIBAT               
1 60554U 24149CQ  25111.20202151  .00005495  00000+0  47727-3 0  9995
2 60554  97.7103 189.2440 0008777  54.1148 306.0887 14.97394368 36969
UM5-EOSAT               
1 60555U 24149CR  25111.15554448  .00006380  00000+0  54747-3 0  9993
2 60555  97.7176 189.5081 0009348  66.3709 293.8494 14.97798659 36965
USA 485                 
1 62756U 25014X   25111.26145810  .00131270  00000+0  84263-3 0  9994
2 62756  43.0001 151.6538 0001033 247.4382 112.6378 15.75088294 14217
USA 486                 
1 62757U 25014Y   25111.45039126  .00152510  00000+0  97884-3 0  9991
2 62757  43.0016 150.4885 0001973 294.0257  66.0406 15.75020847 14245
UVSQ-SAT NG             
1 63251U 25052AT  25111.21007712  .00005241  00000+0  52040-3 0  9996
2 63251  97.7310   5.6761 0003045 159.4109 200.7233 14.92151499  5638
