VINASAT-1               
1 32767U 08018A   25111.48701619 -.00000325  00000+0  00000+0 0  9997
2 32767   0.0142 294.4672 0001919 127.2361  95.3828  1.00270114 62357
VIASAT-1                
1 37843U 11059A   25111.48555877 -.00000020  00000+0  00000+0 0  9991
2 37843   0.0191 242.4089 0002371 163.4044 223.6913  1.00269437 50049
VINASAT-2               
1 38332U 12023B   25110.88725275 -.00000325  00000+0  00000+0 0  9999
2 38332   0.0051  50.6588 0002500 359.7691 250.0523  1.00271748 42425
VRSS-1                  
1 38782U 12052A   25111.51154868  .00001831  00000+0  25464-3 0  9992
2 38782  97.5765 105.9966 0018542 170.2912 189.8662 14.78836788677265
VNREDSAT 1              
1 39160U 13021B   25111.45415172  .00001276  00000+0  24766-3 0  9998
2 39160  97.9532 174.7227 0001508  89.4977 270.6399 14.64837097638567
VELOX-CI                
1 41166U 15077A   25111.01255844  .00017144  00000+0  47828-3 0  9995
2 41166  14.9827  71.6230 0006804 222.7156 137.2638 15.33915341517595
VIASAT-2                
1 42740U 17029A   25110.87579741 -.00000261  00000+0  00000+0 0  9991
2 42740   0.0119 253.0738 0000295 177.6359  23.9009  1.00272222 28968
VENUS                   
1 42901U 17044B   25111.50169162  .00009715  00000+0  62384-3 0  9999
2 42901  97.3261 161.8746 0004332  43.9866 316.1707 15.08640919417254
VRSS-2                  
1 42954U 17060A   25111.50760920  .00001948  00000+0  26236-3 0  9990
2 42954  97.7071 162.0459 0018294  41.8147 318.4459 14.80178635406055
VZLUSAT-2               
1 51085U 22002DF  25111.49731285  .00062846  00000+0  10309-2 0  9994
2 51085  97.3368 183.1580 0005185  32.0881 328.0686 15.52222566181654
VIGORIDE-3              
1 52760U 22057AE  25111.45708900  .00006863  00000+0  29993-3 0  9996
2 52760  97.6047 238.5742 0010619 152.5086 207.6713 15.22378937160909
VARISAT 1C & CELESTIS-21
1 52766U 22057AL  25111.36588780  .00171651  00000+0  11507-2 0  9993
2 52766  97.6033 258.0021 0001981 158.9464 201.1882 15.74739710162106
VIGORIDE-5              
1 55056U 23001AZ  25111.17356213  .00027131  00000+0  82338-3 0  9995
2 55056  97.3764 172.2028 0010375 165.9217 194.2317 15.34018262127489
VIASAT-3                
1 56370U 23060A   25111.08617441 -.00000182  00000+0  00000+0 0  9993
2 56370   0.0230 263.8963 0000404 100.4337 147.1860  1.00270008  7205
VIZARD-METEO (RS38S)    
1 57189U 23091Z   25111.51576016  .00019243  00000+0  83829-3 0  9997
2 57189  97.5643 170.7770 0011522 119.9843 240.2538 15.22188471100274
VERONIKA                
1 58261U 23174F   25111.45300239  .00131873  00000+0  17322-2 0  9994
2 58261  97.4152 195.1445 0007903 215.8577 144.2149 15.58030486 81009
VSP ROSE                
1 59124U 24043AC  25111.55005891  .00007838  00000+0  32722-3 0  9991
2 59124  97.5060 239.5153 0010419 292.2775  67.7357 15.23883439 62679
VSP RF A1               
1 59135U 24043AP  25111.52747952  .00007791  00000+0  32282-3 0  9990
2 59135  97.5091 239.8638 0010255 283.4649  76.5445 15.24141726 62680
VSP RF C1               
1 59136U 24043AQ  25111.29319622  .00006595  00000+0  27120-3 0  9990
2 59136  97.5069 239.5823 0010211 282.5219  77.4876 15.24455663 62657
VSP RF B1               
1 59137U 24043AR  25111.48977311  .00008531  00000+0  35005-3 0  9990
2 59137  97.5068 239.7884 0009878 280.4713  79.5411 15.24441823 62683
VIZARD-ION (RS68S)      
1 61749U 24199Q   25111.54605177  .00025182  00000+0  80491-3 0  9999
2 61749  97.3648 340.6917 0011878   5.6780 354.4594 15.32363874 72596
