WILDBLUE-1              
1 29643U 06054A   25110.86754377 -.00000043  00000+0  00000+0 0  9991
2 29643   1.7099  85.9515 0001647 312.4274  11.9538  1.00271186 49552
WORLDVIEW-1 (WV-1)      
1 32060U 07041A   25111.33439331  .00012384  00000+0  50956-3 0  9997
2 32060  97.3856 232.2660 0003501 272.0034  88.0802 15.24274995978748
WGS F1 (USA 195)        
1 32258U 07046A   25110.85669841 -.00000262  00000+0  00000+0 0  9992
2 32258   0.1078  87.0593 0000316 325.4659  62.5834  1.00271923 48100
WGS F2 (USA 204)        
1 34713U 09017A   25111.26294748  .00000072  00000+0  00000+0 0  9994
2 34713   0.0147 233.9843 0000200 269.4823 218.2818  1.00269472 58712
WORLDVIEW-2 (WV-2)      
1 35946U 09055A   25111.52129547  .00000330  00000+0  12556-3 0  9998
2 35946  98.4805 185.9168 0004974  55.8147 304.3511 14.37174206815168
WGS F3 (USA 211)        
1 36108U 09068A   25111.64144543 -.00000205  00000+0  00000+0 0  9998
2 36108   0.2700  87.7001 0000592  34.9770  48.6635  1.00157700 56271
WGS F4 (USA 233)        
1 38070U 12003A   25111.40696959 -.00000210  00000+0  00000+0 0  9994
2 38070   0.0123 201.7621 0000216 147.2786  95.5842  1.00267298 48492
WGS F5 (USA 243)        
1 39168U 13024A   25111.16479521 -.00000281  00000+0  00000+0 0  9992
2 39168   0.0184 253.3034 0000231 148.8492 174.1651  1.00269522 43597
WGS F6 (USA 244)        
1 39222U 13041A   25110.73171954  .00000094  00000+0  00000+0 0  9994
2 39222   0.0141 233.9150 0001152 340.2852 123.0898  1.00270528 41812
WNISAT-1                
1 39423U 13066H   25110.87504464  .00002245  00000+0  42132-3 0  9991
2 39423  97.6756 286.6332 0167046 121.6873 240.0738 14.56974754605215
WORLDVIEW-3 (WV-3)      
1 40115U 14048A   25111.17388154  .00002029  00000+0  24376-3 0  9992
2 40115  97.8602 186.3037 0003874 272.9839  87.0933 14.85072072579305
WGS F7 (USA 263)        
1 40746U 15036A   25111.17058606  .00000021  00000+0  00000+0 0  9990
2 40746   0.0129 238.9593 0001592 357.3512 209.5754  1.00271135 35636
WGS F8 (USA 272)        
1 41879U 16075A   25110.77652731 -.00000198  00000+0  00000+0 0  9992
2 41879   0.0132 232.2912 0000220 146.1214 260.0500  1.00271696 30582
WGS F9 (USA 275)        
1 42075U 17016A   25111.46641920 -.00000094  00000+0  00000+0 0  9997
2 42075   0.0159 251.0205 0000242 141.7069 332.9729  1.00268015 29702
WNISAT 1R               
1 42835U 17042L   25111.48569898  .00005749  00000+0  48137-3 0  9993
2 42835  97.4023 281.4711 0013379 111.6899 248.5751 14.98735672423284
WEINA 1A                
1 43169U 18011A   25110.66528234  .00004143  00000+0  34268-3 0  9996
2 43169  34.9951 205.2467 0003212 308.4447  51.5971 14.98400082394651
WEINA 1B                
1 43279U 18034E   25111.55266254  .00000005  00000+0  13547-3 0  9993
2 43279  63.3958  96.2842 0237822   6.6345 353.7736 13.45327684345481
WGS 10 (USA 291)        
1 44071U 19014A   25110.61599565  .00000051  00000+0  00000+0 0  9990
2 44071   0.0115 232.2472 0000648 188.0974  70.6513  1.00270112 22394
WEILAI 1R               
1 44884U 19093F   25111.21105834  .00006776  00000+0  61349-3 0  9995
2 44884  97.8084 196.3603 0010345  20.2955 339.8675 14.95679180289246
WEINA 2                 
1 47303U 20103B   25111.52854713  .00002383  00000+0  46528-3 0  9991
2 47303  98.1012   3.6206 0003767  86.9719 273.1915 14.63839981230016
WILDTRACKCUBE-SIMBA     
1 47941U 21022K   25111.51322140  .00044338  00000+0  10295-2 0  9990
2 47941  97.4268  15.0399 0012759 122.4309 237.8173 15.42152881225620
W-CUBE                  
1 48965U 21059CQ  25111.41291956  .00085705  00000+0  96148-3 0  9991
2 48965  97.6683 278.3083 0002539  38.2963 321.8474 15.62373882212485
WFOV (USA 332)          
1 52940U 22073A   25110.89281025 -.00000357  00000+0  00000+0 0  9992
2 52940   2.6224  84.0152 0001350 230.1480 335.6837  1.00277189 10130
WILDFIRE 4              
1 57756U 23133A   25111.21869012  .00000169  00000+0  13700-3 0  9990
2 57756  81.0033  51.7897 0011269  58.2493 301.9760 13.86269982 82655
WILDFIRE 3              
1 57758U 23133C   25110.82127974  .00000214  00000+0  17604-3 0  9990
2 57758  80.9978  52.0726 0010163  58.9403 301.2750 13.86036688 82587
WILDFIRE 7              
1 57761U 23133E   25111.33931671  .00000187  00000+0  15556-3 0  9991
2 57761  81.0002  52.7231 0006858  90.1139 270.0803 13.84995398 82592
WILDFIRE 6              
1 57763U 23133G   25111.23376521  .00000226  00000+0  18964-3 0  9999
2 57763  80.9963  52.3473 0007230  75.8949 284.3010 13.85242609 82595
WILDFIRE 1              
1 57764U 23133H   25111.20979008  .00000209  00000+0  17294-3 0  9992
2 57764  81.0009  52.2803 0007945  61.9235 298.2724 13.85637070 82611
WILDFIRE 9              
1 57765U 23133J   25111.20788834  .00000230  00000+0  19286-3 0  9995
2 57765  81.0049  52.8588 0007471  73.2948 286.9027 13.85310920 82592
WILDFIRE 10             
1 57766U 23133K   25111.33063092  .00000213  00000+0  17732-3 0  9997
2 57766  81.0037  52.4587 0007798  65.9158 294.2813 13.85522767 82621
WILDFIRE 2              
1 57767U 23133L   25111.21345404  .00000212  00000+0  17731-3 0  9993
2 57767  80.9973  52.5404 0007088  82.6546 277.5415 13.85116968 82586
WILDFIRE 8              
1 57768U 23133M   25110.83019363  .00000214  00000+0  17864-3 0  9992
2 57768  80.9961  52.6311 0007313  73.8825 286.3136 13.85343009 82558
WILDFIRE 5              
1 57769U 23133N   25110.80824345  .00000210  00000+0  17496-3 0  9991
2 57769  81.0047  53.1457 0007501  71.3942 288.8029 13.85387869 82544
WSF-M                   
1 59481U 24070A   25110.79553668  .00000132  00000+0  81677-4 0  9996
2 59481  98.7198 119.4514 0005929  99.2729 260.9119 14.20631238 53128
WARATAH SEED-1          
1 60469U 24149B   25110.62619259  .00011592  00000+0  47412-3 0  9992
2 60469  97.4062 188.6195 0000769 269.0505  91.0644 15.24499650 37517
WREN-1                  
1 60478U 24149L   25110.93585834  .00016713  00000+0  61576-3 0  9994
2 60478  97.4096 189.8231 0004694 341.1376  18.9689 15.27887998 37614
