YAMAL 202               
1 28089U 03053A   25111.24055631 -.00000073  00000+0  00000+0 0  9993
2 28089   5.2773  76.0502 0003263 300.1714  83.3986  1.00271919 78454
YAOGAN-2                
1 31490U 07019A   25111.52483449  .00002321  00000+0  30010-3 0  9997
2 31490  98.3075 312.1899 0020994 192.8318 167.2362 14.81816038965175
YAOGAN-3                
1 32289U 07055A   25111.50008572  .00004274  00000+0  46569-3 0  9997
2 32289  97.8581 140.1219 0001797  85.3609 274.7813 14.88507575943140
YUBILEINY (RS-30)       
1 32953U 08025A   25111.47067763  .00000074  00000+0  45799-3 0  9994
2 32953  82.5002 257.7181 0020165 151.1208 209.0993 12.43162887767435
YAOGAN-4                
1 33446U 08061A   25111.41036254  .00002399  00000+0  30933-3 0  9993
2 33446  97.9024  44.2906 0014987  10.5360 349.6164 14.81888309883172
YAOGAN-6                
1 34839U 09021A   25111.47497406  .00174922  12865-4  63363-3 0  9995
2 34839  97.1983  89.9146 0011289 109.1332 251.1164 15.88477468891593
YAOGAN-7                
1 36110U 09069A   25111.22647872  .00001167  00000+0  17109-3 0  9998
2 36110  98.0626 353.4928 0024062 321.3738  38.5750 14.77342907827356
YAOGAN-8                
1 36121U 09072A   25110.71020960  .00000381  00000+0  13056-2 0  9993
2 36121 100.2665  11.5841 0020755 192.7156 167.3430 13.05058738733563
YAOGAN-9 01A            
1 36413U 10009A   25111.09725840  .00000163  00000+0  19911-3 0  9995
2 36413  63.3728   9.8795 0501446  18.5695 343.2920 13.45585485743319
YAOGAN-9 01B            
1 36414U 10009B   25111.07951322  .00000130  00000+0  17244-3 0  9991
2 36414  63.3741   9.5467 0502113  17.7783 344.0122 13.45595284743332
YAOGAN-9 01C            
1 36415U 10009C   25110.18636868  .00000204  00000+0  23023-3 0  9992
2 36415  63.3737  12.4002 0502764  18.0896 343.7319 13.45593869742988
YAOGAN-10               
1 36834U 10038A   25111.52372561  .00001448  00000+0  17996-3 0  9998
2 36834  97.9298 132.8982 0001677  88.1823  64.9020 14.84110957794713
YAOGAN-11               
1 37165U 10047A   25111.48652311  .00002257  00000+0  29569-3 0  9993
2 37165  98.4323 311.6981 0036008 153.4955 206.8107 14.81011848785652
YOUTHSAT                
1 37388U 11015B   25111.52825830  .00000459  00000+0  21201-3 0  9996
2 37388  98.3234 100.8924 0015391 136.7408 333.9231 14.25360009728092
YAHSAT 1A               
1 37393U 11016B   25110.91155980  .00000105  00000+0  00000+0 0  9995
2 37393   0.0185 235.2168 0003028 161.6347 193.0551  1.00270215 38170
YAOGAN-12               
1 37875U 11066B   25111.54400114  .00012908  00000+0  54435-3 0  9996
2 37875  97.1717 164.5969 0010049 299.0858  60.9372 15.23387245748375
YAHSAT 1B               
1 38245U 12016A   25111.26850499  .00000130  00000+0  00000+0 0  9997
2 38245   0.0976  89.7865 0003266 303.4550 320.6142  1.00271292 47694
YAOGAN-14               
1 38257U 12021A   25111.55885182  .00015051  00000+0  62551-3 0  9996
2 38257  97.2460 255.8177 0003370 163.5663 196.5684 15.23887213721754
YAOGAN-15               
1 38354U 12029A   25111.54452310  .00000001  00000+0  12222-3 0  9993
2 38354 100.7594 303.0078 0025480 163.7183 196.4753 13.18359002619889
YAMAL 300K              
1 38978U 12061B   25111.57557906  .00000074  00000+0  00000+0 0  9998
2 38978   0.0149 230.4309 0000605  37.5016 332.1091  1.00268205 45647
YAOGAN-16 01A           
1 39011U 12066A   25110.58159038  .00000010  00000+0  10518-3 0  9995
2 39011  63.3574 300.8693 0400767  23.7651 338.1324 13.45452218609285
YAOGAN-16 01B           
1 39012U 12066B   25111.55137932  .00000011  00000+0  10544-3 0  9993
2 39012  63.3579 298.5656 0400931  23.5272 338.3539 13.45446913609424
YAOGAN-16 01C           
1 39013U 12066C   25111.54856015 -.00000011  00000+0  82924-4 0  9996
2 39013  63.3585 298.0247 0401095  23.1168 338.7354 13.45439123609452
YAMAL 402               
1 39022U 12070A   25110.91155980  .00000090  00000+0  00000+0 0  9990
2 39022   0.1775  90.9739 0004001 302.6521 198.6739  1.00271183 45161
YAOGAN-17 01A           
1 39239U 13046A   25111.22075826  .00000117  00000+0  22195-3 0  9992
2 39239  63.3881  98.2187 0389098   9.9431 350.9015 13.45433647571618
YAOGAN-17 01B           
1 39240U 13046B   25110.95910705  .00000091  00000+0  19365-3 0  9993
2 39240  63.3892  99.4201 0389115   9.5289 351.2849 13.45401951571521
YAOGAN-17 01C           
1 39241U 13046C   25110.93364453  .00000099  00000+0  20210-3 0  9994
2 39241  63.3889  98.3229 0389905   9.5911 351.2287 13.45412778571564
YAOGAN-19               
1 39410U 13065A   25111.54459338  .00000030  00000+0  19043-3 0  9995
2 39410 100.0672 102.7841 0009216 343.9006  16.1813 13.15558226548231
YAOGAN-20 01A           
1 40109U 14047A   25111.48350414  .00000034  00000+0  14479-3 0  9993
2 40109  63.3851  26.0082 0353319  12.5160 348.4361 13.45386329525745
YAOGAN-20 01B           
1 40110U 14047B   25110.89012787  .00000029  00000+0  13809-3 0  9997
2 40110  63.3851  28.4092 0353130  12.5345 348.4185 13.45384276525462
YAOGAN-20 01C           
1 40111U 14047C   25111.47855872  .00000044  00000+0  15565-3 0  9991
2 40111  63.3842  26.6262 0353295  12.8935 348.0840 13.45395700525729
YAOGAN-21               
1 40143U 14053A   25111.51352712  .00012932  00000+0  53804-3 0  9990
2 40143  97.2046 164.4879 0015452 188.0243 172.0750 15.23780912590761
YAOGAN-22               
1 40275U 14063A   25111.40316686  .00000001  00000+0  12566-3 0  9999
2 40275 100.7073 251.8944 0006783  63.4814 296.6992 13.15508429504359
YAOGAN-24               
1 40310U 14072A   25111.53559573  .00001934  00000+0  28755-3 0  9990
2 40310  98.0910 241.8281 0014367 174.7998 185.3363 14.76082551561537
YAOGAN-25 01A           
1 40338U 14080A   25110.94971723 -.00000014  00000+0  93466-4 0  9999
2 40338  63.3914 318.2867 0329131   7.2021 353.3566 13.45362749508853
YAOGAN-25 01B           
1 40339U 14080B   25111.53844640 -.00000006  00000+0  10252-3 0  9995
2 40339  63.3921 316.9058 0329443   7.0475 353.5018 13.45380111509124
YAOGAN-25 01C           
1 40340U 14080C   25111.53736225 -.00000033  00000+0  70141-4 0  9990
2 40340  63.3903 317.2509 0329082   7.6902 352.8996 13.45378900509109
YAMAL 401               
1 40345U 14082A   25111.47867568 -.00000224  00000+0  00000+0 0  9999
2 40345   0.0117 236.4578 0000783 241.5284 354.0847  1.00268542 38185
YAOGAN-26               
1 40362U 14088A   25111.48967894  .00020825  00000+0  69087-3 0  9990
2 40362  97.0676 122.0314 0008304 123.0057 237.1985 15.31234758574312
YAOGAN-27               
1 40878U 15040A   25111.48960712  .00000032  00000+0  19647-3 0  9998
2 40878 100.0875 111.8763 0009006 106.4578 253.7526 13.16046719463701
YAOGAN-28               
1 41026U 15064A   25111.52881711  .00015528  00000+0  64661-3 0  9998
2 41026  97.2501 256.6859 0012895 212.4421 147.6026 15.23744774526431
YAOGAN-29               
1 41038U 15069A   25111.49957051  .00000976  00000+0  12816-3 0  9999
2 41038  98.0388 133.6428 0001105  24.0561 336.0703 14.82569587508130
YAOGAN-30 01            
1 41473U 16029A   25111.50052571  .00001459  00000+0  21791-3 0  9993
2 41473  97.9596 163.9663 0016983 148.3802 211.8431 14.76173736481449
YUNHAI-1 01             
1 41857U 16068A   25111.48774648  .00000602  00000+0  23431-3 0  9997
2 41857  98.5921 121.2132 0006440 156.9170 203.2304 14.33336861441445
YIJIAN                  
1 41899U 16081B   25111.48052011  .00001636  00000+0  35078-3 0  9999
2 41899  98.5057  92.3705 0021293 169.3359 190.8295 14.59931453443049
YAOGAN-30 02A           
1 42945U 17058A   25111.35229906  .00005809  00000+0  46386-3 0  9992
2 42945  34.9973  75.1858 0001570  48.3716 311.7125 14.99665230412458
YAOGAN-30 02B           
1 42946U 17058B   25111.37003730  .00005370  00000+0  42915-3 0  9997
2 42946  34.9973  75.3106 0002945 241.8007 118.2403 14.99650419412448
YAOGAN-30 02C           
1 42947U 17058C   25111.31688667  .00006048  00000+0  46785-3 0  9992
2 42947  34.9970  72.0244 0004470 118.6071 241.5087 15.00863309412467
YAOGAN-30 03A           
1 43028U 17075A   25111.51757304  .00005686  00000+0  45408-3 0  9997
2 43028  34.9950 314.9015 0002703 236.9070 123.1377 14.99665262404025
YAOGAN-30 03B           
1 43029U 17075B   25111.56309131  .00005701  00000+0  45534-3 0  9992
2 43029  34.9945 314.1830 0003713 163.8036 196.2790 14.99656402404025
YAOGAN-30 03C           
1 43030U 17075C   25111.54040375  .00005708  00000+0  45633-3 0  9991
2 43030  34.9956 314.2341 0002434 316.9547  43.0969 14.99623930404009
YAOGAN-30 04A           
1 43081U 17085A   25111.51024444  .00005357  00000+0  42820-3 0  9999
2 43081  34.9950 194.2549 0003716  65.4967 294.6127 14.99643391399388
YAOGAN-30 04B           
1 43082U 17085B   25111.53357440  .00005607  00000+0  44745-3 0  9993
2 43082  34.9941 194.2456 0005472 261.5561  98.4526 14.99685052399389
YAOGAN-30 04C           
1 43083U 17085C   25111.55506396  .00005494  00000+0  43855-3 0  9997
2 43083  34.9944 194.4992 0004708  53.6278 306.4863 14.99690093399394
YAOGAN-30 05A           
1 43170U 18011B   25111.52680293  .00005764  00000+0  46026-3 0  9993
2 43170  34.9954 195.0378 0004644 243.5484 116.4747 14.99661202394828
YAOGAN-30 05B           
1 43171U 18011C   25111.52240525  .00005634  00000+0  44965-3 0  9990
2 43171  34.9944 194.8583 0002960 267.6415  92.3954 14.99690044394821
YAOGAN-30 05C           
1 43172U 18011D   25111.51605746  .00005580  00000+0  44595-3 0  9999
2 43172  34.9959 195.0931 0003599 332.0897  27.9617 14.99638689394825
YAOGAN-31 01A           
1 43275U 18034A   25111.48891826  .00000036  00000+0  17962-3 0  9999
2 43275  63.3952  96.0318 0238070   6.0896 354.2934 13.45402651345471
YAOGAN-31 01B           
1 43276U 18034B   25111.48908960  .00000047  00000+0  19568-3 0  9994
2 43276  63.3954  96.0238 0238070   6.0562 354.3253 13.45403252345489
YAOGAN-31 01C           
1 43277U 18034C   25111.48894381  .00000042  00000+0  18763-3 0  9997
2 43277  63.3964  95.3393 0238166   5.8348 354.5365 13.45403274345503
YAOGAN-32 A             
1 43642U 18077A   25111.50229829  .00001509  00000+0  30678-3 0  9990
2 43642  97.9467 147.3841 0001716  91.6922 268.4476 14.62463033348199
YAOGAN-32 B             
1 43643U 18077B   25111.50218132  .00001497  00000+0  30449-3 0  9998
2 43643  97.9466 147.3437 0001637  90.3380 269.8009 14.62461494348181
YUNHAI-2 01A            
1 43909U 18112A   25111.31690421  .00000390  00000+0  21747-3 0  9999
2 43909  50.0123  34.6458 0000093 359.7167   0.3748 14.28762352330804
YUNHAI-2 01B            
1 43910U 18112B   25111.47527288  .00000367  00000+0  20863-3 0  9990
2 43910  50.0108  97.5536 0004699 185.8017 174.2844 14.28756708329941
YUNHAI-2 01C            
1 43911U 18112C   25111.49909253  .00000332  00000+0  19471-3 0  9994
2 43911  50.0141 336.9842 0000991  89.0274 271.0754 14.28781727331612
YUNHAI-2 01D            
1 43912U 18112D   25111.48121331  .00000364  00000+0  20689-3 0  9995
2 43912  50.0116 277.1852 0015378 303.8773  56.0679 14.28774542327280
YUNHAI-2 01E            
1 43913U 18112E   25110.66344504  .00000264  00000+0  16788-3 0  9998
2 43913  50.0068 160.0311 0005234 318.3384  41.7132 14.28757178328749
YUNHAI-2 01F            
1 43915U 18112G   25111.52566996  .00000363  00000+0  20673-3 0  9995
2 43915  50.0121 217.1605 0007112 285.6603  74.3527 14.28756715328193
YAMAL 601               
1 44307U 19031A   25111.52891870  .00000123  00000+0  00000+0 0  9996
2 44307   0.0163 199.6420 0002691 194.5627  55.0505  1.00271524 21682
YAOGAN-30 06A           
1 44449U 19045A   25111.19800926  .00005336  00000+0  42680-3 0  9998
2 44449  34.9945  16.2577 0004949 209.5271 150.5157 14.99613070313204
YAOGAN-30 06B           
1 44450U 19045B   25111.17515679  .00005206  00000+0  41583-3 0  9993
2 44450  34.9938  15.9522 0008466 339.9384  20.0990 14.99653566313205
YAOGAN-30 06C           
1 44451U 19045C   25111.15223593  .00005183  00000+0  41409-3 0  9994
2 44451  34.9950  15.9428 0001388 274.0468  86.0080 14.99674560313167
YUNHAI-1 02             
1 44547U 19063A   25111.52405992  .00000536  00000+0  21015-3 0  9994
2 44547  98.4272 128.8763 0006160 357.2326   2.8823 14.33303669291490
YINHE-1                 
1 45024U 20004A   25111.49407599  .00001312  00000+0  17650-3 0  9996
2 45024  86.3899 304.9028 0015246  44.7398 315.5049 14.78367880283629
YAOGAN-30 07A           
1 45460U 20021A   25111.52107561  .00005924  00000+0  47295-3 0  9990
2 45460  34.9943 255.0257 0004548 270.1577  89.8609 14.99664408277152
YAOGAN-30 07B           
1 45461U 20021B   25111.49987769  .00005974  00000+0  47715-3 0  9995
2 45461  34.9937 254.7917 0001892 164.1170 195.9597 14.99650526277112
YAOGAN-30 07C           
1 45462U 20021C   25111.54497017  .00005693  00000+0  45471-3 0  9999
2 45462  34.9953 252.5410 0002669 325.4472  34.6062 14.99662689277147
YAOGAN-30 08A           
1 46807U 20076A   25111.47109688  .00005164  00000+0  41241-3 0  9993
2 46807  34.9929 135.7217 0001137 335.0947  24.9706 14.99688381244827
YAOGAN-30 08B           
1 46808U 20076B   25111.51507473  .00005174  00000+0  41391-3 0  9990
2 46808  34.9934 135.1953 0002670 275.7321  84.3082 14.99618919244832
YAOGAN-30 08C           
1 46809U 20076C   25111.49351345  .00005225  00000+0  41699-3 0  9991
2 46809  34.9947 135.1731 0006955 334.8065  25.2302 14.99699244244821
YAOGAN-33 01            
1 47302U 20103A   25111.55806864  .00001023  00000+0  22677-3 0  9996
2 47302  98.0950   0.1758 0002095  46.3800 313.7574 14.59147279229830
YAOGAN-31 02A           
1 47532U 21007A   25111.54260884 -.00000017  00000+0  11625-3 0  9994
2 47532  63.4029 146.5164 0138498 358.8082   1.2594 13.45404433207608
YAOGAN-31 02B           
1 47533U 21007B   25111.54261670 -.00000019  00000+0  11385-3 0  9994
2 47533  63.4023 145.5464 0138962 358.8985   1.1715 13.45405787207611
YAOGAN-31 02C           
1 47536U 21007E   25111.54240909 -.00000017  00000+0  11731-3 0  9992
2 47536  63.4023 145.5640 0138642 358.9155   1.1550 13.45404832207623
YAOGAN-31 03A           
1 47691U 21014A   25111.51549470 -.00000030  00000+0  95996-4 0  9995
2 47691  63.4050 201.3216 0139603 359.0010   1.0717 13.45401120204140
YAOGAN-31 03B           
1 47693U 21014C   25111.51548604 -.00000037  00000+0  84268-4 0  9992
2 47693  63.4031 202.1958 0139800 359.2322   0.8468 13.45399460204110
YAOGAN-31 03C           
1 47695U 21014E   25111.51527185 -.00000018  00000+0  11515-3 0  9998
2 47695  63.4040 201.2120 0139724 359.2657   0.8143 13.45399786204121
YAOGAN-31 04A           
1 47854U 21020A   25111.50876917  .00000047  00000+0  21935-3 0  9999
2 47854  63.4062 261.3977 0137464 358.9956   1.0774 13.45405379201841
YAOGAN-31 04B           
1 47856U 21020C   25111.50892910 -.00000038  00000+0  83967-4 0  9997
2 47856  63.4057 262.2029 0137188 359.0642   1.0107 13.45404557201827
YAOGAN-31 04C           
1 47857U 21020D   25111.50895168 -.00000025  00000+0  10371-3 0  9990
2 47857  63.4068 261.4550 0137292 358.9720   1.1004 13.45403465201836
YAOGAN-34 01            
1 48340U 21037A   25111.54921598 -.00000066  00000+0  40519-4 0  9990
2 48340  63.4013 149.3862 0085904 357.6836   2.3781 13.45425103195368
YAOGAN-30 09A           
1 48423U 21039A   25111.31971008  .00005296  00000+0  42349-3 0  9991
2 48423  34.9972  76.9101 0004229 325.0831  34.9598 14.99626884216127
YAOGAN-30 09B           
1 48424U 21039B   25111.36372194  .00005303  00000+0  42368-3 0  9998
2 48424  34.9954  76.1329 0003893  99.8205 260.2942 14.99662622216137
YAOGAN-30 09C           
1 48425U 21039C   25111.34189372  .00005497  00000+0  43925-3 0  9995
2 48425  34.9952  75.9465 0002391 349.0595  11.0060 14.99654971216140
YAOGAN-30 10A           
1 48860U 21055A   25111.49325285  .00005676  00000+0  45293-3 0  9996
2 48860  34.9943 196.5506 0004231 337.9280  22.1245 14.99693292209791
YAOGAN-30 10B           
1 48861U 21055B   25111.53864496  .00005477  00000+0  43750-3 0  9999
2 48861  34.9940 195.9228 0004356 349.2991  10.7623 14.99662510209787
YAOGAN-30 10C           
1 48863U 21055D   25111.50514957  .00005296  00000+0  42369-3 0  9996
2 48863  34.9948 195.7676 0003137  76.7750 283.3307 14.99613948209499
YAM-2                   
1 48911U 21059AJ  25111.43083870  .00100952  00000+0  92241-3 0  9990
2 48911  97.6702 281.9672 0001559  49.6729 310.4667 15.67520619212697
YAM-3                   
1 48915U 21059AN  25110.87222275  .00014942  00000+0  41678-3 0  9996
2 48915  97.6783 269.6481 0007631  78.6313 281.5788 15.36830003211899
YAOGAN-30 11A           
1 49026U 21065A   25111.54521469  .00006054  00000+0  48332-3 0  9998
2 49026  34.9938 317.1583 0004233  65.0115 295.1031 14.99658818205240
YAOGAN-30 11B           
1 49028U 21065C   25111.52426104  .00005863  00000+0  46804-3 0  9997
2 49028  34.9939 316.9994 0001090 301.7888  58.2712 14.99673264205225
YAOGAN-30 11C           
1 49029U 21065D   25111.56700467  .00005810  00000+0  46379-3 0  9998
2 49029  34.9952 316.5207 0003971 197.5821 162.4749 14.99676576205263
YAOGAN-32 02A           
1 49383U 21099A   25111.53041873  .00002010  00000+0  39970-3 0  9992
2 49383  98.2352 239.8227 0001688 105.1986 254.9402 14.63211317184686
YAOGAN-32 02B           
1 49384U 21099B   25111.53030553  .00001985  00000+0  39483-3 0  9995
2 49384  98.2366 240.0212 0001450 101.6173 258.5192 14.63213646184689
YAOGAN-35 01A           
1 49390U 21101A   25111.28122326  .00012464  00000+0  57150-3 0  9993
2 49390  34.9922  47.6640 0004919 222.8987 137.1343 15.19648392192534
YAOGAN-35 01B           
1 49391U 21101B   25111.05988279  .00119902  00000+0  11796-2 0  9996
2 49391  34.9943 347.6094 0004551 307.7346  52.2969 15.64624044193123
YAOGAN-35 01C           
1 49393U 21101D   25111.26380259 -.00000081  00000+0 -17974-5 0  9991
2 49393  35.0022  38.2787 0018598 165.7903 194.3338 15.22752065192647
YAOGAN-34 02            
1 52084U 22027A   25111.52210013 -.00000058  00000+0  53737-4 0  9998
2 52084  63.3975 204.3735 0066270 355.8800   4.1672 13.45405643152180
YAOGAN-35 02A           
1 52907U 22068A   25111.52468492  .00013620  00000+0  65650-3 0  9997
2 52907  34.9920 260.2916 0008931 248.5599 111.4162 15.17885407157679
YAOGAN-35 02B           
1 52908U 22068B   25111.51227938  .00036714  00000+0  13336-2 0  9997
2 52908  34.9962 257.4199 0004196 137.2388 222.8655 15.27298723157670
YAOGAN-35 03A           
1 53316U 22088A   25110.92005805  .00020458  00000+0  55273-3 0  9999
2 53316  34.9974 280.5112 0005914 294.7211  65.2892 15.36814700152599
YAOGAN-35 03B           
1 53318U 22088C   25111.05657885  .00011292  00000+0  53481-3 0  9992
2 53318  34.9904 334.5806 0007246 194.2094 165.8416 15.18536482156431
YAOGAN-35 03C           
1 53320U 22088E   25111.02483693  .00018036  00000+0  68138-3 0  9994
2 53320  34.9927 332.4920 0001560  19.5491 340.5285 15.26131235152063
YAOGAN-35 04A           
1 53522U 22100A   25111.16704488  .00021239  00000+0  90176-3 0  9992
2 53522  35.0059 185.5528 0005825  46.9868 313.1333 15.22188078148884
YAOGAN-35 04B           
1 53524U 22100C   25110.68247840  .00015050  00000+0  59797-3 0  9992
2 53524  34.9936 191.6495 0007158  39.4374 320.6861 15.24461130 40491
YAOGAN-35 04C           
1 53526U 22100E   25110.64635818  .00011972  00000+0  58903-3 0  9993
2 53526  34.9947 194.2296 0007944 296.1515  63.8380 15.17200659148709
YAOGAN-33 02            
1 53698U 22106A   25111.50551824  .00000428  00000+0  10105-3 0  9995
2 53698  98.1851 120.5717 0004569  77.1129 283.0581 14.58956273140247
YAOGAN-35 05A           
1 53760U 22109A   25111.43557577  .00018449  67032-7  76876-3 0  9996
2 53760  35.0036 111.1037 0005635 119.4695 240.6582 15.22748026131681
YAOGAN-35 05B           
1 53761U 22109B   25111.47262523  .00016344  00000+0  64629-3 0  9994
2 53761  34.9905 113.8962 0007531 279.7610  80.2255 15.24603638146205
YAOGAN-35 05C           
1 53763U 22109D   25111.47532896  .00009980  00000+0  48906-3 0  9997
2 53763  34.9924 115.9028 0006258 149.8780 210.2293 15.17379246146185
YUNHAI-1 03             
1 53877U 22115A   25111.50699531  .00000637  00000+0  24692-3 0  9990
2 53877  98.5382 110.4492 0000593 167.1470 192.9729 14.33333701135131
YAOGAN-36 01A           
1 53943U 22120A   25111.22891651  .00011621  00000+0  57501-3 0  9996
2 53943  34.9933  45.8787 0009049 182.9582 177.1079 15.17000574143070
YAOGAN-36 01C           
1 53947U 22120E   25111.25894160  .00019011  00000+0  74836-3 0  9992
2 53947  34.9949  43.2408 0006084 287.4854  72.5196 15.24742101143101
YAOGAN-36 02A           
1 54042U 22133A   25110.83473457  .00008584  00000+0  35623-3 0  9992
2 54042  35.0029 255.7876 0029006 334.3560  25.5716 15.22725960140322
YAOGAN-36 02B           
1 54043U 22133B   25111.53002386  .00017133  00000+0  73255-3 0  9993
2 54043  34.9923 258.4997 0004511 246.4290 113.5951 15.21987187140357
YAOGAN-36 02C           
1 54045U 22133D   25111.52814763  .00025308  00000+0  93319-3 0  9990
2 54045  34.9961 257.5145 0014449 298.0635  61.8620 15.26780620140360
YUNHAI-3 01             
1 54235U 22151A   25111.51492276  .00000099  00000+0  75799-4 0  9994
2 54235  98.8200 119.8623 0001143 136.2222 223.9041 14.13423298125933
YAOGAN-34 03            
1 54249U 22154A   25111.51607153 -.00000049  00000+0  68585-4 0  9995
2 54249  63.4057 265.1383 0078609 355.2179   4.8087 13.45408946119520
YAOGAN-36 03A           
1 54372U 22160A   25111.41747490  .00013608  00000+0  57851-3 0  9994
2 54372  34.9939 115.6094 0002384  30.6741 329.4112 15.22222666133669
YAOGAN-36 03B           
1 54374U 22160C   25111.44149235  .00008819  00000+0  44321-3 0  9998
2 54374  34.9935 116.7902 0003860  39.0020 321.0970 15.16532377133611
YAOGAN-36 03C           
1 54376U 22160E   25111.45799642  .00019246  00000+0  80314-3 0  9992
2 54376  35.0080 111.5021 0008046 172.4806 187.6030 15.22771428133719
YAOGAN-36 04A           
1 54746U 22171A   25111.07451998  .00010405  00000+0  52079-3 0  9997
2 54746  34.9922 334.9820 0009679 183.5012 176.5634 15.16610896130950
YAOGAN-36 04B           
1 54748U 22171C   25111.07238656  .00006579  00000+0  27941-3 0  9990
2 54748  35.0032 329.4949 0005399 314.5459  45.4814 15.22376958130996
YAOGAN-36 04C           
1 54750U 22171E   25111.05005822  .00012333  00000+0  53396-3 0  9996
2 54750  34.9926 333.8627 0007722 250.7530 109.2348 15.21596182130931
YAM-5                   
1 55076U 23001BV  25110.87383700  .00011876  00000+0  42894-3 0  9996
2 55076  97.3767 171.2697 0011399 170.7947 189.3503 15.28568076127394
YAOGAN-37               
1 55244U 23006C   25111.56851294  .00010133  00000+0  54661-3 0  9993
2 55244  43.1972 294.7832 0009696 269.2110  90.7629 15.14838448125887
YARILO 3                
1 57198U 23091AJ  25111.49036099  .01055349  49574-3  31493-2 0  9996
2 57198  97.5478 182.0890 0007393 246.7232 113.3264 15.92437829100997
YAOGAN-36 05A           
1 57452U 23106A   25111.25608846  .00010998  00000+0  45672-3 0  9997
2 57452  35.0023 191.0445 0003078 226.2201 133.8259 15.23048273 96781
YAOGAN-36 05B           
1 57454U 23106C   25111.51792911  .00016409  00000+0  68028-3 0  9998
2 57454  34.9937 189.2428 0003584 124.7349 235.3704 15.23040719 96782
YAOGAN-36 05C           
1 57456U 23106E   25111.51431054  .00017736  00000+0  72990-3 0  9995
2 57456  34.9930 189.1511 0005168  35.2049 324.9006 15.23270677 96780
YAOGAN-39 01A           
1 57727U 23130A   25111.44798103  .00021262  00000+0  87988-3 0  9998
2 57727  35.0002 260.9534 0004621 289.8035  70.2181 15.23057833 91373
YAOGAN-39 01B           
1 57728U 23130B   25111.51234034  .00017451  00000+0  71738-3 0  9996
2 57728  34.9928 260.3990 0007023 292.4626  67.5344 15.23297657 91408
YAOGAN-39 01C           
1 57731U 23130E   25111.50895576  .00014941  00000+0  61416-3 0  9996
2 57731  34.9937 260.3764 0002858  25.1618 334.9236 15.23343299 91386
YAOGAN-33 03            
1 57797U 23136A   25111.50098921  .00001175  00000+0  26094-3 0  9991
2 57797  98.1835  36.8348 0008038  67.9761 292.2292 14.58832423 86459
YAOGAN-40 01A           
1 57830U 23139A   25111.19622920  .00000306  00000+0  15619-3 0  9995
2 57830  85.9870  89.3040 0002362  87.6007 272.5446 14.12322227 83138
YAOGAN-40 01B           
1 57832U 23139C   25111.55065685  .00000376  00000+0  19409-3 0  9994
2 57832  85.9869  89.1324 0002259  82.5998 277.5442 14.12322275 83199
YAOGAN-40 01C           
1 57833U 23139D   25111.55057229  .00000379  00000+0  19584-3 0  9997
2 57833  85.9874  88.3981 0001907  71.6880 288.4510 14.12323424 83299
YAOGAN-39 02A           
1 57886U 23145A   25111.04967682  .00017133  00000+0  71209-3 0  9997
2 57886  35.0010 335.1890 0001653  87.1314 272.9590 15.22952950 88586
YAOGAN-39 02B           
1 57889U 23145D   25111.06325092  .00009664  00000+0  49579-3 0  9990
2 57889  34.9934 335.1476 0009708 268.1781  91.7819 15.15757832 88743
YAOGAN-39 02C           
1 57890U 23145E   25111.06722149  .00010045  00000+0  51426-3 0  9995
2 57890  34.9950 335.1934 0011070 162.3076 197.8023 15.15815469 88712
YAOGAN-33 04            
1 57958U 23149A   25111.50204219  .00001267  00000+0  28069-3 0  9999
2 57958  98.1474  62.7743 0004211  93.6842 266.4839 14.58808599 83521
YAOGAN-39 03A           
1 57986U 23152A   25111.24261807  .00020104  00000+0  83115-3 0  9995
2 57986  34.9987  46.1048 0006151 299.8757  60.1346 15.23091003 86075
YAOGAN-39 03B           
1 57988U 23152C   25111.26019017  .00011561  25260-7  58903-3 0  9990
2 57988  34.9927  46.1201 0007811  89.9450 270.2157 15.15822640 85864
YAOGAN-39 03C           
1 57990U 23152E   25111.25744411  .00000446  00000+0  24598-4 0  9996
2 57990  34.9919  46.0824 0011427 286.3523  73.5933 15.15759660 86048
YUNHAI-1 04             
1 58073U 23159A   25111.54131499  .00000530  00000+0  20810-3 0  9990
2 58073  98.5370 139.3999 0000341  38.6330 321.4878 14.33347033 79427
YAOGAN-39 04A           
1 58141U 23163A   25111.47877052  .00018627  00000+0  77536-3 0  9998
2 58141  34.9987 116.8400 0006269 169.9977 190.0863 15.22873187 83240
YAOGAN-39 04B           
1 58143U 23163C   25111.43096254  .00008390  00000+0  43039-3 0  9990
2 58143  34.9948 117.3488 0007369 354.4303   5.6327 15.15806275 83227
YAOGAN-39 04C           
1 58145U 23163E   25111.42799945  .00008059  00000+0  41363-3 0  9998
2 58145  34.9921 117.2683 0005137 306.4282  53.5956 15.15805568 83235
YAOGAN-39 05A           
1 58557U 23194A   25111.53933430  .00011452  00000+0  47685-3 0  9994
2 58557  34.9996 189.0841 0005256 110.2435 249.8845 15.22943760 76032
YAOGAN-39 05B           
1 58558U 23194B   25111.53688290  .00014505  00000+0  60017-3 0  9992
2 58558  34.9930 188.9708 0001799 299.1959  60.8575 15.23127935 76026
YAOGAN-39 05C           
1 58559U 23194C   25111.53941737  .00016262  00000+0  67173-3 0  9993
2 58559  34.9926 188.9758 0006108 328.7053  31.3297 15.23152211 76041
YAOGAN-41               
1 58582U 23197A   25110.91402477 -.00000363  00000+0  00000+0 0  9994
2 58582   3.9538 308.6940 0015178 171.3595 181.3852  1.00266515  5088
YUNYAO-1 18             
1 58758U 24009A   25110.39547701  .00025493  00000+0  12588-2 0  9991
2 58758  49.9933  59.3273 0008153  30.2143 329.9278 15.17646181 70648
YUNYAO-1 19             
1 58759U 24009B   25111.38328971  .00022453  00000+0  11315-2 0  9998
2 58759  49.9859  54.9069 0008844  40.1669 319.9936 15.16999775 70795
YUNYAO-1 20             
1 58760U 24009C   25111.29148214  .00023069  00000+0  11539-2 0  9992
2 58760  49.9786  54.1310 0007101  47.9568 312.1988 15.17256608 70799
YAM-6                   
1 59126U 24043AE  25110.31665199  .00014643  00000+0  53861-3 0  9998
2 59126  97.5026 239.2236 0008749 292.6583  67.3730 15.27949037 62555
YUNHAI-2 02A            
1 59280U 24052A   25111.42887655  .00000332  00000+0  19828-3 0  9990
2 59280  50.0096  69.6623 0011520 106.1392 254.0791 14.27733188 55371
YUNHAI-2 02B            
1 59281U 24052B   25111.47776803  .00000270  00000+0  17352-3 0  9999
2 59281  50.0132   9.2146 0004703 149.2053 210.9139 14.27749534 56358
YUNHAI-2 02C            
1 59282U 24052C   25111.45132569  .00000255  00000+0  16748-3 0  9994
2 59282  50.0082 129.2877 0006250 123.9770 236.1739 14.27736643 54240
YUNHAI-2 02D            
1 59283U 24052D   25111.50098649  .00000324  00000+0  19519-3 0  9997
2 59283  50.0085 249.1014 0004740 177.8089 182.2847 14.27720573 58231
YUNHAI-2 02E            
1 59284U 24052E   25111.52225420  .00000306  00000+0  18802-3 0  9993
2 59284  50.0123 309.2823 0011835  20.4413 339.6973 14.27735072 57325
YUNHAI-2 02F            
1 59285U 24052F   25111.54714682  .00000258  00000+0  16856-3 0  9992
2 59285  50.0113 189.3253 0005871 144.1460 215.9850 14.27800958 59157
YUNHAI-3 02             
1 59343U 24058A   25111.49192153  .00000088  00000+0  70449-4 0  9990
2 59343  98.8233 120.1435 0001484  87.6402 272.4940 14.13408048 55178
YAOGAN-42 01            
1 59395U 24063A   25110.87916711  .00003176  00000+0  13435-3 0  9990
2 59395  34.9963 261.7717 0002996 120.9987 239.1022 15.22732620 58428
YAOGAN-43 01A           
1 60458U 24148A   25111.54343883  .00019360  00000+0  77943-3 0  9991
2 60458  34.9991 294.3704 0005690 300.9368  59.0787 15.23989964 37875
YAOGAN-43 01B           
1 60459U 24148B   25111.52666739  .00016138  00000+0  63935-3 0  9994
2 60459  34.9960 294.1715 0009586 318.8010  41.1981 15.24527529 37810
YAOGAN-43 01C           
1 60460U 24148C   25110.96768403  .00016960  00000+0  70234-3 0  9997
2 60460  35.0019 298.2460 0006629 339.0602  20.9840 15.23058803 37720
YAOGAN-43 01D           
1 60461U 24148D   25110.93346267  .00009770  00000+0  39282-3 0  9994
2 60461  34.9961 297.8523 0006192 310.7388  49.2789 15.24139397 37727
YAOGAN-43 01E           
1 60462U 24148E   25111.53651565  .00025400  12739-6  10531-2 0  9994
2 60462  34.9939 294.2254 0006755 350.1656   9.8925 15.22911077 44538
YAOGAN-43 01F           
1 60463U 24148F   25111.55096053  .00017123  00000+0  71229-3 0  9998
2 60463  34.9976 294.4065 0008541  21.4698 338.6373 15.22892536 37812
YAOGAN-43 01G           
1 60464U 24148G   25111.53420213  .00011895  00000+0  48104-3 0  9992
2 60464  35.0009 294.3312 0009148 282.3400  77.6290 15.23891308 37814
YAOGAN-43 01H           
1 60465U 24148H   25111.55446789  .00015288  00000+0  63459-3 0  9991
2 60465  34.9965 294.4168 0009028 347.2903  12.7583 15.22978839 37819
YAOGAN-43 01J           
1 60466U 24148J   25111.52833795  .00017332  00000+0  68970-3 0  9991
2 60466  35.0007 294.2750 0009996   3.0948 356.9827 15.24366183 37813
YAM-7                   
1 60504U 24149AN  25111.21407090  .00010223  00000+0  41823-3 0  9996
2 60504  97.4127 189.5320 0003628  12.3885 347.7441 15.24518667 37613
YAOGAN-43 02A           
1 60945U 24156A   25111.02600909  .00021572  00000+0  89758-3 0  9994
2 60945  34.9971 333.0537 0005243 322.3903  37.6444 15.22869181 35097
YAOGAN-43 02B           
1 60946U 24156B   25111.03223942  .00017986  00000+0  74885-3 0  9993
2 60946  34.9958 333.0772 0008044 271.2600  88.7193 15.22858779 35046
YAOGAN-43 02C           
1 60947U 24156C   25111.02839773  .00013372  00000+0  55516-3 0  9993
2 60947  34.9995 333.1048 0002283 251.7265 108.3201 15.23027687 35040
YAOGAN-43 02D           
1 60948U 24156D   25111.03397818  .00014290  40227-7  59205-3 0  9996
2 60948  34.9901 333.0671 0001087  11.4952 348.5787 15.22956906 29790
YAOGAN-43 02E           
1 60949U 24156E   25111.03708995  .00022354  00000+0  93376-3 0  9993
2 60949  34.9972 333.1318 0004250 223.3018 136.7363 15.22736675 35041
YAOGAN-43 02F           
1 60950U 24156F   25111.29131862  .00016468  00000+0  68134-3 0  9999
2 60950  34.9939 331.3696 0001591 320.1756  39.8842 15.23112137 35086
YAM-8                   
1 63254U 25052AW  25111.20319510  .00004420  00000+0  43743-3 0  9998
2 63254  97.7330   5.6891 0002504 142.4159 217.7235 14.92365839  5638
YUNYAO-1 43             
1 63344U 25059A   25111.52920001  .00007274  00000+0  45491-3 0  9995
2 63344  97.5990 291.4560 0013440 174.8708 185.2661 15.09653494  4699
YUNYAO-1 44             
1 63345U 25059B   25111.52791041  .00007541  00000+0  47059-3 0  9995
2 63345  97.5977 291.4528 0013907 175.8241 184.3107 15.09714225  4695
YUNYAO-1 45             
1 63346U 25059C   25111.52715946  .00007673  00000+0  47728-3 0  9995
2 63346  97.6007 291.4654 0013509 177.4157 182.7144 15.09829469  4693
YUNYAO-1 46             
1 63347U 25059D   25111.52718667  .00007602  00000+0  47300-3 0  9997
2 63347  97.5999 291.4624 0013632 177.5072 182.6227 15.09820756  4695
YUNYAO-1 47             
1 63348U 25059E   25111.52583706  .00008113  00000+0  50365-3 0  9995
2 63348  97.5974 291.4537 0013666 178.4004 181.7271 15.09881539  4688
YUNYAO-1 48             
1 63349U 25059F   25111.52525477  .00007700  00000+0  47796-3 0  9992
2 63349  97.5986 291.4594 0013320 179.4423 180.6823 15.09909688  4685
